0 0.033847 0.055000 0.036863 0.063333
0 0.544236 0.608889 0.042895 0.073333
0 0.528150 0.096667 0.042895 0.088889
0 0.253686 0.259444 0.036863 0.063333
0 0.314343 0.178889 0.034853 0.062222
0 0.065684 0.256111 0.042895 0.074444
0 0.115282 0.355556 0.040214 0.068889
0 0.014075 0.573889 0.026810 0.061111
0 0.039879 0.843889 0.040885 0.074444
0 0.039544 0.701111 0.042895 0.064444
0 0.137399 0.787222 0.042895 0.070000
0 0.448056 0.573889 0.050268 0.065556
0 0.155496 0.459444 0.030831 0.056667
0 0.166220 0.365556 0.033512 0.066667
0 0.095174 0.974444 0.026810 0.046667
0 0.006367 0.936111 0.011394 0.045556
0 0.087131 0.067778 0.036193 0.064444
0 0.271113 0.639444 0.032842 0.056667
0 0.288874 0.396667 0.034853 0.062222
0 0.312668 0.424444 0.026139 0.046667
0 0.320375 0.513333 0.032172 0.055556
0 0.286193 0.882222 0.040214 0.080000
0 0.221850 0.979444 0.030831 0.036667
0 0.154155 0.979444 0.025469 0.036667
0 0.339477 0.444444 0.027480 0.044444
0 0.357909 0.309444 0.021448 0.045556
0 0.394102 0.138889 0.026810 0.051111
0 0.467493 0.055000 0.040885 0.065556
0 0.968834 0.067222 0.047587 0.070000
0 0.907842 0.431111 0.051609 0.088889
0 0.849196 0.377222 0.048257 0.067778
0 0.294236 0.758333 0.033512 0.063333
0 0.767761 0.890000 0.032842 0.064444
0 0.745308 0.743333 0.034853 0.064444
0 0.803284 0.888889 0.040885 0.068889
0 0.493968 0.892222 0.032172 0.060000
0 0.489276 0.232778 0.041555 0.061111
0 0.619303 0.325556 0.034853 0.064444
0 0.772118 0.075000 0.037534 0.067778
0 0.368968 0.170000 0.030161 0.051111
0 0.776810 0.568889 0.034853 0.057778
0 0.498660 0.471111 0.042895 0.068889
0 0.342828 0.942778 0.036863 0.061111
0 0.275134 0.016667 0.032842 0.031111
0 0.595845 0.033333 0.026810 0.048889
0 0.379357 0.778889 0.037534 0.071111
0 0.393767 0.625000 0.031501 0.047778
0 0.382038 0.936111 0.025469 0.045556
0 0.732574 0.210556 0.042895 0.072222
0 0.530161 0.377778 0.034853 0.060000
0 0.611595 0.196111 0.027480 0.050000
0 0.663874 0.585556 0.034182 0.064444
0 0.662869 0.325000 0.040214 0.070000
0 0.569370 0.958333 0.036863 0.063333
0 0.624330 0.941111 0.030161 0.055556
0 0.492962 0.752778 0.035523 0.070000
0 0.909853 0.129444 0.040885 0.074444
0 0.597855 0.800000 0.030831 0.057778
0 0.884718 0.255556 0.037534 0.066667
0 0.790214 0.722222 0.034853 0.060000
0 0.737265 0.403333 0.033512 0.062222
0 0.799263 0.303889 0.028820 0.054444
0 0.786528 0.642778 0.031501 0.058889
0 0.948391 0.796667 0.041555 0.071111
0 0.682306 0.707222 0.033512 0.065556
0 0.649464 0.841111 0.033512 0.055556
0 0.606903 0.554444 0.040885 0.068889
0 0.631367 0.020000 0.026810 0.037778
0 0.900134 0.752778 0.040214 0.063333
0 0.888405 0.013333 0.032842 0.024444
0 0.327413 0.310000 0.024799 0.053333
0 0.871984 0.667222 0.030831 0.054444
0 0.859249 0.945000 0.029491 0.058889
0 0.731903 0.986111 0.030831 0.023333
0 0.749665 0.506667 0.030161 0.053333
0 0.731568 0.465000 0.023458 0.047778
0 0.177949 0.850556 0.024799 0.050000
0 0.654155 0.169444 0.034853 0.061111
0 0.844839 0.772778 0.031501 0.061111
0 0.931971 0.702778 0.035523 0.061111
0 0.859920 0.858889 0.026810 0.051111
0 0.150134 0.657778 0.029491 0.055556
0 0.688338 0.424444 0.028150 0.053333
0 0.731233 0.570556 0.025469 0.047778
0 0.991622 0.875000 0.014075 0.045556
0 0.976542 0.705556 0.034853 0.062222
0 0.894772 0.531667 0.030831 0.054444
0 0.427949 0.736667 0.018097 0.040000
0 0.600871 0.715000 0.030161 0.054444
0 0.564008 0.746111 0.024799 0.052222
0 0.776810 0.250556 0.028150 0.056667
0 0.117627 0.181111 0.026139 0.048889
0 0.851542 0.013889 0.024799 0.025556
0 0.439343 0.244444 0.028820 0.053333
0 0.529155 0.192222 0.022118 0.035556
0 0.717493 0.016111 0.028820 0.030000
0 0.087802 0.769444 0.021448 0.041111
0 0.925938 0.938333 0.035523 0.045556
0 0.475201 0.938333 0.025469 0.045556
0 0.173592 0.171667 0.025469 0.041111
0 0.680630 0.155556 0.026139 0.048889
0 0.825737 0.076667 0.030831 0.051111
0 0.782507 0.962778 0.022118 0.030000
0 0.940349 0.379444 0.021448 0.036667
0 0.979893 0.371667 0.017426 0.030000
0 0.904491 0.329444 0.019437 0.034444
0 0.884048 0.057778 0.017426 0.033333
0 0.112936 0.117222 0.027480 0.054444
0 0.364946 0.227222 0.023458 0.047778
0 0.458445 0.376111 0.018767 0.038889
0 0.815349 0.210556 0.016756 0.030000
0 0.502346 0.662222 0.019437 0.037778
0 0.547922 0.561111 0.019437 0.026667
0 0.356233 0.511111 0.031501 0.053333
