0 0.17923186344238975 0.06466302367941712 0.06827880512091039 0.08561020036429873
0 0.4338549075391181 0.5792349726775956 0.05974395448079659 0.08014571948998178
0 0.6920341394025605 0.20309653916211293 0.06401137980085349 0.10018214936247723
0 0.5953058321479374 0.1885245901639344 0.052631578947368425 0.07832422586520947
0 0.5362731152204837 0.16120218579234974 0.05689900426742532 0.08196721311475409
0 0.9089615931721196 0.2795992714025501 0.06543385490753913 0.07832422586520947
0 0.1856330014224751 0.6457194899817851 0.06401137980085349 0.08196721311475409
0 0.24324324324324326 0.48178506375227687 0.05405405405405406 0.06375227686703097
0 0.39829302987197723 0.366120218579235 0.06543385490753913 0.0947176684881603
0 0.22119487908961594 0.21766848816029144 0.04125177809388336 0.06739526411657559
0 0.16998577524893316 0.2923497267759563 0.05547652916073969 0.07468123861566485
0 0.10526315789473685 0.319672131147541 0.05689900426742532 0.07103825136612021
0 0.08321479374110953 0.43169398907103823 0.05832147937411095 0.08014571948998178
0 0.04694167852062589 0.48178506375227687 0.03698435277382646 0.056466302367941715
0 0.06970128022759602 0.5409836065573771 0.04551920341394026 0.04735883424408015
0 0.15078236130867712 0.5027322404371585 0.05689900426742532 0.07285974499089254
0 0.2709815078236131 0.29508196721311475 0.04694167852062589 0.061930783242258654
0 0.6194879089615932 0.32877959927140255 0.05832147937411095 0.07832422586520947
0 0.5611664295874822 0.4854280510018215 0.05832147937411095 0.08196721311475409
0 0.5298719772403984 0.4408014571948998 0.052631578947368425 0.07650273224043716
0 0.4971550497866288 0.3879781420765027 0.04694167852062589 0.07285974499089254
0 0.8733997155049787 0.5273224043715847 0.05689900426742532 0.07468123861566485
0 0.7155049786628734 0.49089253187613846 0.05689900426742532 0.07103825136612021
0 0.6287339971550499 0.5191256830601093 0.05405405405405406 0.07650273224043716
0 0.49573257467994314 0.6730418943533698 0.061166429587482224 0.07832422586520947
0 0.32503556187766713 0.6220400728597449 0.049786628733997154 0.07103825136612021
0 0.34921763869132294 0.563752276867031 0.04125177809388336 0.06739526411657559
0 0.5128022759601707 0.2959927140255009 0.04694167852062589 0.06739526411657559
0 0.4637268847795164 0.29326047358834245 0.042674253200568994 0.061930783242258654
0 0.259601706970128 0.3588342440801457 0.049786628733997154 0.06557377049180328
0 0.4487908961593172 0.06557377049180328 0.06685633001422475 0.08014571948998178
0 0.5220483641536273 0.06557377049180328 0.06543385490753913 0.0947176684881603
0 0.04765291607396871 0.7987249544626593 0.05832147937411095 0.08925318761384335
0 0.6237553342816501 0.05555555555555555 0.044096728307254626 0.060109289617486336
0 0.7546230440967283 0.692167577413479 0.05547652916073969 0.07285974499089254
0 0.655049786628734 0.7395264116575592 0.06685633001422475 0.07650273224043716
0 0.9523470839260313 0.03460837887067395 0.049786628733997154 0.0692167577413479
0 0.9751066856330015 0.12112932604735883 0.04694167852062589 0.07103825136612021
0 0.9594594594594595 0.1885245901639344 0.05547652916073969 0.08196721311475409
0 0.360597439544808 0.831511839708561 0.06401137980085349 0.08196721311475409
0 0.7972972972972974 0.030965391621129327 0.049786628733997154 0.061930783242258654
0 0.6799431009957326 0.017304189435336976 0.06543385490753913 0.03460837887067395
0 0.22475106685633003 0.7213114754098361 0.05974395448079659 0.08378870673952642
0 0.017069701280227598 0.7185792349726776 0.034139402560455195 0.07103825136612021
0 0.07965860597439545 0.6958105646630237 0.06258890469416785 0.08014571948998178
0 0.6948790896159317 0.6247723132969034 0.05832147937411095 0.061930783242258654
0 0.82574679943101 0.40710382513661203 0.044096728307254626 0.060109289617486336
0 0.7809388335704126 0.8852459016393442 0.05120910384068279 0.07285974499089254
0 0.4950213371266003 0.8406193078324226 0.05120910384068279 0.060109289617486336
0 0.2318634423897582 0.8797814207650273 0.04836415362731152 0.07285974499089254
0 0.33357041251778097 0.9389799635701275 0.05547652916073969 0.07468123861566485
0 0.2852062588904694 0.8697632058287796 0.04694167852062589 0.06739526411657559
0 0.8435277382645804 0.9052823315118397 0.042674253200568994 0.0692167577413479
0 0.9452347083926032 0.7495446265938069 0.052631578947368425 0.07468123861566485
0 0.822190611664296 0.616575591985428 0.05405405405405406 0.07103825136612021
0 0.6102418207681366 0.6420765027322405 0.04836415362731152 0.06375227686703097
0 0.9174964438122333 0.36065573770491804 0.04836415362731152 0.061930783242258654
0 0.7816500711237554 0.319672131147541 0.029871977240398296 0.04918032786885246
0 0.5725462304409673 0.8834244080145719 0.04125177809388336 0.06557377049180328
0 0.585348506401138 0.7959927140255009 0.04125177809388336 0.05100182149362477
0 0.6209103840682788 0.9408014571948998 0.049786628733997154 0.056466302367941715
0 0.8236130867709816 0.3333333333333333 0.034139402560455195 0.04735883424408015
0 0.9075391180654339 0.47176684881602915 0.05405405405405406 0.0692167577413479
0 0.7965860597439545 0.5728597449908925 0.05405405405405406 0.056466302367941715
0 0.6849217638691323 0.5564663023679417 0.061166429587482224 0.07468123861566485
0 0.6237553342816501 0.42805100182149364 0.05547652916073969 0.06557377049180328
0 0.7688477951635847 0.17577413479052822 0.04694167852062589 0.04918032786885246
0 0.7091038406827881 0.9234972677595629 0.03840682788051209 0.05100182149362477
0 0.6891891891891893 0.8761384335154827 0.029871977240398296 0.05100182149362477
0 0.6209103840682788 0.8925318761384335 0.03556187766714083 0.05100182149362477
0 0.9594594594594595 0.9171220400728597 0.06401137980085349 0.08196721311475409
0 0.8449502133712661 0.04189435336976321 0.03982930298719772 0.0546448087431694
0 0.017780938833570414 0.4107468123861566 0.03556187766714083 0.08561020036429873
0 0.034139402560455195 0.28324225865209474 0.042674253200568994 0.07103825136612021
0 0.24893314366998578 0.9735883424408015 0.05405405405405406 0.04918032786885246
0 0.9637268847795164 0.6102003642987249 0.04694167852062589 0.061930783242258654
0 0.11308677098150782 0.8670309653916212 0.06401137980085349 0.07650273224043716
0 0.38904694167852066 0.6311475409836066 0.04694167852062589 0.06375227686703097
0 0.17709815078236132 0.8269581056466302 0.04125177809388336 0.061930783242258654
0 0.3691322901849218 0.7076502732240437 0.03556187766714083 0.04918032786885246
0 0.8207681365576103 0.9608378870673953 0.04836415362731152 0.060109289617486336
0 0.980796586059744 0.8387978142076503 0.03556187766714083 0.06739526411657559
0 0.6941678520625889 0.9808743169398907 0.042674253200568994 0.03460837887067395
0 0.48790896159317215 0.7777777777777778 0.03698435277382646 0.04371584699453552
0 0.03698435277382646 0.12477231329690346 0.03698435277382646 0.060109289617486336
0 0.70199146514936 0.07832422586520947 0.029871977240398296 0.05100182149362477
0 0.8058321479374111 0.09198542805100182 0.02702702702702703 0.03460837887067395
0 0.8442389758179232 0.19489981785063754 0.044096728307254626 0.0546448087431694
0 0.1678520625889047 0.5719489981785064 0.06258890469416785 0.07285974499089254
