0 0.173305 0.832778 0.097458 0.114444
0 0.249153 0.885000 0.057627 0.054444
0 0.128390 0.331111 0.094068 0.108889
0 0.191949 0.529444 0.061864 0.092222
0 0.222458 0.463889 0.029661 0.052222
0 0.247881 0.546667 0.051695 0.051111
0 0.282627 0.593333 0.055085 0.106667
0 0.020763 0.598333 0.039831 0.072222
0 0.120339 0.167222 0.084746 0.103333
0 0.053814 0.071667 0.075424 0.123333
0 0.523729 0.664444 0.079661 0.093333
0 0.508051 0.333889 0.117797 0.107778
0 0.593220 0.286111 0.059322 0.063333
0 0.330508 0.325556 0.069492 0.091111
0 0.250000 0.215000 0.079661 0.103333
0 0.369492 0.208889 0.093220 0.106667
0 0.381356 0.731111 0.077966 0.093333
0 0.405932 0.638889 0.086441 0.091111
0 0.971610 0.953333 0.053390 0.082222
0 0.431356 0.957778 0.083051 0.080000
0 0.452966 0.051111 0.088983 0.100000
0 0.528390 0.130556 0.065254 0.096667
0 0.486864 0.783333 0.072034 0.086667
0 0.568220 0.562778 0.058475 0.067778
0 0.391949 0.552222 0.061864 0.077778
0 0.579237 0.027222 0.073729 0.052222
0 0.612288 0.367778 0.070339 0.097778
0 0.740254 0.625556 0.065254 0.086667
0 0.420339 0.827222 0.037288 0.050000
0 0.014831 0.927778 0.027966 0.091111
0 0.018644 0.762222 0.035593 0.095556
0 0.786864 0.419444 0.078814 0.096667
0 0.813136 0.266111 0.066949 0.136667
0 0.898729 0.077778 0.072034 0.095556
0 0.650000 0.764444 0.062712 0.075556
0 0.605085 0.835556 0.064407 0.082222
0 0.489831 0.865000 0.044068 0.056667
0 0.570339 0.928889 0.035593 0.055556
0 0.841949 0.581111 0.072034 0.088889
0 0.828814 0.707222 0.072881 0.094444
0 0.757203 0.761111 0.073729 0.088889
0 0.747881 0.866667 0.046610 0.064444
0 0.930508 0.687222 0.064407 0.085556
0 0.913136 0.332778 0.058475 0.061111
0 0.973729 0.598889 0.049153 0.091111
0 0.586864 0.469444 0.063559 0.076667
