0 0.065074 0.224344 0.037891 0.047733
0 0.059308 0.096659 0.032949 0.054893
0 0.119440 0.019093 0.034596 0.033413
0 0.350082 0.042959 0.034596 0.062053
0 0.420923 0.190931 0.044481 0.062053
0 0.209226 0.144391 0.023064 0.035800
0 0.159802 0.134845 0.019769 0.031026
0 0.144975 0.441527 0.029654 0.042959
0 0.220758 0.440334 0.036244 0.054893
0 0.260297 0.307876 0.026359 0.038186
0 0.243822 0.235084 0.023064 0.031026
0 0.287479 0.120525 0.028007 0.045346
0 0.350082 0.212411 0.014827 0.028640
0 0.130972 0.602625 0.037891 0.059666
0 0.055189 0.632458 0.024712 0.052506
0 0.127677 0.769690 0.034596 0.054893
0 0.205107 0.690931 0.041186 0.054893
0 0.286656 0.544153 0.039539 0.062053
0 0.299835 0.400955 0.029654 0.047733
0 0.401153 0.436754 0.028007 0.042959
0 0.347611 0.546539 0.026359 0.042959
0 0.399506 0.554893 0.021417 0.031026
0 0.350082 0.625298 0.034596 0.047733
0 0.436573 0.658711 0.042834 0.062053
0 0.531301 0.587112 0.041186 0.062053
0 0.489292 0.507160 0.019769 0.031026
0 0.460461 0.390215 0.024712 0.031026
0 0.176277 0.878282 0.029654 0.047733
0 0.014827 0.866348 0.026359 0.038186
0 0.080725 0.952267 0.019769 0.038186
0 0.330313 0.832936 0.034596 0.047733
0 0.439868 0.810263 0.032949 0.050119
0 0.559308 0.816229 0.028007 0.038186
0 0.537891 0.924821 0.031301 0.054893
0 0.327018 0.968974 0.034596 0.057279
0 0.415980 0.967780 0.021417 0.035800
0 0.673806 0.605012 0.026359 0.040573
0 0.728995 0.519093 0.024712 0.035800
0 0.845140 0.564439 0.036244 0.054893
0 0.895387 0.500000 0.031301 0.054893
0 0.929160 0.606205 0.032949 0.047733
0 0.856672 0.244630 0.032949 0.050119
0 0.957166 0.192124 0.029654 0.045346
0 0.981054 0.078759 0.034596 0.066826
0 0.870675 0.079952 0.028007 0.045346
0 0.733114 0.207637 0.029654 0.042959
0 0.668863 0.101432 0.019769 0.031026
0 0.801483 0.183771 0.021417 0.028640
0 0.646623 0.328162 0.028007 0.050119
0 0.776771 0.676611 0.024712 0.040573
0 0.771829 0.736277 0.021417 0.035800
0 0.771005 0.911695 0.029654 0.042959
0 0.828666 0.967780 0.042834 0.059666
0 0.985997 0.496420 0.024712 0.038186
0 0.990939 0.361575 0.014827 0.069212
0 0.874794 0.010740 0.026359 0.016706
0 0.514827 0.674224 0.031301 0.031026
0 0.076606 0.390215 0.021417 0.031026
0 0.113674 0.334129 0.023064 0.033413
0 0.005766 0.120525 0.008237 0.069212
0 0.591433 0.252983 0.019769 0.028640
0 0.681219 0.236277 0.021417 0.038186
0 0.738880 0.150358 0.021417 0.033413
0 0.469522 0.948687 0.023064 0.045346
0 0.869028 0.340095 0.021417 0.031026
0 0.718287 0.404535 0.029654 0.045346
