0 0.03423423423423423 0.9324644549763034 0.025225225225225224 0.03554502369668247
0 0.013513513513513514 0.8092417061611376 0.02702702702702703 0.04976303317535545
0 0.023423423423423424 0.7369668246445498 0.032432432432432434 0.047393364928909956
0 0.06756756756756757 0.7274881516587678 0.03783783783783784 0.047393364928909956
0 0.0891891891891892 0.6824644549763034 0.03783783783783784 0.037914691943127965
0 0.1018018018018018 0.6267772511848342 0.03423423423423423 0.04502369668246446
0 0.02072072072072072 0.6244075829383887 0.02702702702702703 0.04502369668246446
0 0.05945945945945946 0.5556872037914692 0.036036036036036036 0.04976303317535545
0 0.02072072072072072 0.5118483412322276 0.03423423423423423 0.05213270142180095
0 0.3558558558558559 0.3139810426540285 0.03783783783783784 0.04976303317535545
0 0.21891891891891893 0.27725118483412325 0.03783783783783784 0.05213270142180095
0 0.5162162162162163 0.7049763033175356 0.03783783783783784 0.05924170616113744
0 0.45765765765765765 0.6789099526066351 0.036036036036036036 0.03554502369668247
0 0.45225225225225224 0.6172985781990522 0.036036036036036036 0.04502369668246446
0 0.38198198198198197 0.6184834123222749 0.043243243243243246 0.05687203791469195
0 0.3846846846846847 0.4774881516587678 0.03423423423423423 0.04976303317535545
0 0.2882882882882883 0.7796208530805688 0.02882882882882883 0.037914691943127965
0 0.2756756756756757 0.8199052132701422 0.02882882882882883 0.037914691943127965
0 0.25495495495495496 0.9123222748815166 0.04144144144144144 0.047393364928909956
0 0.5414414414414415 0.4893364928909953 0.03783783783783784 0.04976303317535545
0 0.36486486486486486 0.6872037914691944 0.03063063063063063 0.047393364928909956
0 0.5828828828828829 0.4146919431279621 0.03783783783783784 0.04265402843601896
0 0.5423423423423424 0.4004739336492891 0.036036036036036036 0.05213270142180095
0 0.42342342342342343 0.5071090047393365 0.036036036036036036 0.047393364928909956
0 0.26126126126126126 0.6492890995260664 0.032432432432432434 0.04265402843601896
0 0.3 0.6338862559241707 0.04864864864864865 0.03080568720379147
0 0.31981981981981983 0.6931279620853081 0.03423423423423423 0.05450236966824645
0 0.23693693693693693 0.7713270142180095 0.03423423423423423 0.03554502369668247
0 0.24144144144144145 0.7286729857819906 0.043243243243243246 0.03554502369668247
0 0.22522522522522523 0.6267772511848342 0.036036036036036036 0.04028436018957346
0 0.17117117117117117 0.9786729857819906 0.02882882882882883 0.037914691943127965
0 0.11891891891891893 0.9218009478672986 0.03963963963963964 0.05213270142180095
0 0.07297297297297298 0.8969194312796209 0.03063063063063063 0.04502369668246446
0 0.018018018018018018 0.8590047393364929 0.02882882882882883 0.03080568720379147
0 0.054954954954954956 0.811611374407583 0.03063063063063063 0.04502369668246446
0 0.13693693693693693 0.8412322274881517 0.043243243243243246 0.05213270142180095
0 0.22612612612612612 0.9656398104265403 0.03063063063063063 0.03554502369668247
0 0.17927927927927928 0.580568720379147 0.03423423423423423 0.04265402843601896
0 0.16306306306306306 0.773696682464455 0.03423423423423423 0.04502369668246446
0 0.14864864864864866 0.523696682464455 0.04144144144144144 0.04265402843601896
0 0.13603603603603603 0.6421800947867299 0.023423423423423424 0.03317535545023697
0 0.21621621621621623 0.5639810426540285 0.02882882882882883 0.03317535545023697
0 0.3225225225225225 0.4668246445497631 0.036036036036036036 0.03317535545023697
0 0.2774774774774775 0.48815165876777256 0.025225225225225224 0.03317535545023697
0 0.5162162162162163 0.9502369668246446 0.01981981981981982 0.028436018957345974
0 0.4252252252252252 0.7867298578199052 0.021621621621621623 0.037914691943127965
0 0.6378378378378379 0.7180094786729858 0.032432432432432434 0.04265402843601896
0 0.6666666666666666 0.6990521327014219 0.032432432432432434 0.04265402843601896
0 0.6081081081081081 0.6552132701421801 0.04144144144144144 0.04502369668246446
0 0.6018018018018018 0.9478672985781991 0.02882882882882883 0.028436018957345974
0 0.5954954954954955 0.9135071090047394 0.03063063063063063 0.026066350710900476
0 0.9900900900900901 0.8886255924170616 0.016216216216216217 0.037914691943127965
0 0.854954954954955 0.6492890995260664 0.03783783783783784 0.05213270142180095
0 0.7234234234234235 0.5485781990521328 0.03063063063063063 0.04028436018957346
0 0.4873873873873874 0.802132701421801 0.03063063063063063 0.04028436018957346
0 0.4081081081081081 0.9146919431279622 0.03423423423423423 0.047393364928909956
0 0.4873873873873874 0.5165876777251185 0.03063063063063063 0.037914691943127965
0 0.5765765765765766 0.7689573459715641 0.032432432432432434 0.04502369668246446
0 0.5792792792792792 0.7203791469194314 0.01981981981981982 0.028436018957345974
0 0.5864864864864865 0.5497630331753555 0.03423423423423423 0.04265402843601896
0 0.7351351351351352 0.7369668246445498 0.043243243243243246 0.05687203791469195
0 0.7954954954954955 0.5023696682464456 0.03783783783783784 0.047393364928909956
0 0.6711711711711712 0.4454976303317536 0.03063063063063063 0.037914691943127965
0 0.6306306306306306 0.8815165876777252 0.02882882882882883 0.037914691943127965
0 0.44954954954954957 0.9300947867298579 0.01981981981981982 0.026066350710900476
0 0.9018018018018018 0.7476303317535545 0.03423423423423423 0.04028436018957346
0 0.8090090090090091 0.9135071090047394 0.032432432432432434 0.04028436018957346
0 0.645945945945946 0.5864928909952607 0.03423423423423423 0.04502369668246446
0 0.6567567567567568 0.5367298578199052 0.03783783783783784 0.04502369668246446
0 0.7081081081081081 0.4822274881516588 0.02882882882882883 0.03554502369668247
0 0.7954954954954955 0.6362559241706162 0.02702702702702703 0.03554502369668247
0 0.7585585585585586 0.6196682464454977 0.032432432432432434 0.04028436018957346
0 0.9117117117117117 0.5556872037914692 0.032432432432432434 0.04976303317535545
0 0.9657657657657658 0.45853080568720384 0.03963963963963964 0.04028436018957346
0 0.8837837837837837 0.7950236966824645 0.03423423423423423 0.04502369668246446
0 0.9288288288288289 0.8234597156398105 0.03423423423423423 0.04028436018957346
0 0.46126126126126127 0.47156398104265407 0.02882882882882883 0.037914691943127965
0 0.4252252252252252 0.4336492890995261 0.032432432432432434 0.037914691943127965
0 0.44504504504504505 0.31042654028436023 0.043243243243243246 0.05213270142180095
0 0.3324324324324324 0.8992890995260664 0.04144144144144144 0.05450236966824645
0 0.07657657657657657 0.3009478672985782 0.03783783783783784 0.05213270142180095
0 0.07657657657657657 0.3898104265402844 0.03063063063063063 0.04502369668246446
0 0.005405405405405406 0.2677725118483413 0.010810810810810811 0.028436018957345974
0 0.023423423423423424 0.26540284360189575 0.021621621621621623 0.03317535545023697
0 0.01891891891891892 0.3151658767772512 0.02702702702702703 0.04265402843601896
0 0.07387387387387387 0.11255924170616115 0.032432432432432434 0.04028436018957346
0 0.06396396396396396 0.2109004739336493 0.03063063063063063 0.037914691943127965
0 0.2711711711711712 0.4052132701421801 0.04504504504504504 0.05213270142180095
0 0.40990990990990994 0.21445497630331756 0.03783783783783784 0.04976303317535545
0 0.5495495495495496 0.26540284360189575 0.043243243243243246 0.05687203791469195
0 0.5207207207207207 0.30568720379146924 0.03963963963963964 0.047393364928909956
0 0.35945945945945945 0.3779620853080569 0.03423423423423423 0.04502369668246446
0 0.15945945945945947 0.2132701421800948 0.03423423423423423 0.047393364928909956
0 0.3108108108108108 0.15165876777251186 0.04144144144144144 0.05213270142180095
0 0.14504504504504503 0.10781990521327015 0.03423423423423423 0.04028436018957346
0 0.12252252252252252 0.013033175355450238 0.04684684684684685 0.026066350710900476
0 0.04054054054054054 0.026066350710900476 0.03063063063063063 0.037914691943127965
0 0.03513513513513514 0.0995260663507109 0.03063063063063063 0.04265402843601896
0 0.05855855855855856 0.06516587677725119 0.02702702702702703 0.04502369668246446
0 0.2972972972972973 0.2855450236966825 0.04684684684684685 0.04976303317535545
0 0.3162162162162162 0.25829383886255924 0.02702702702702703 0.04265402843601896
0 0.25225225225225223 0.24052132701421802 0.043243243243243246 0.04028436018957346
0 0.35405405405405405 0.24052132701421802 0.03783783783783784 0.05450236966824645
0 0.5081081081081081 0.20142180094786732 0.032432432432432434 0.05213270142180095
0 0.7261261261261261 0.22156398104265404 0.05045045045045045 0.05924170616113744
0 0.736936936936937 0.12914691943127962 0.02882882882882883 0.04028436018957346
0 0.5792792792792792 0.06398104265402844 0.04144144144144144 0.05213270142180095
0 0.845945945945946 0.37914691943127965 0.03783783783783784 0.047393364928909956
0 0.8468468468468469 0.5390995260663507 0.032432432432432434 0.04502369668246446
0 0.918918918918919 0.3305687203791469 0.03963963963963964 0.04976303317535545
0 0.854954954954955 0.18838862559241706 0.03063063063063063 0.04028436018957346
0 0.7117117117117118 0.34004739336492895 0.036036036036036036 0.04976303317535545
0 0.7198198198198198 0.3803317535545024 0.03423423423423423 0.03554502369668247
0 0.581981981981982 0.18364928909952608 0.036036036036036036 0.04976303317535545
0 0.11981981981981982 0.24644549763033177 0.03423423423423423 0.047393364928909956
0 0.4540540540540541 0.26303317535545023 0.03963963963963964 0.04265402843601896
0 0.6198198198198198 0.15165876777251186 0.032432432432432434 0.05687203791469195
0 0.5963963963963964 0.3139810426540285 0.036036036036036036 0.04028436018957346
0 0.42792792792792794 0.38151658767772517 0.03423423423423423 0.047393364928909956
0 0.46396396396396394 0.3708530805687204 0.03063063063063063 0.04976303317535545
0 0.5072072072072072 0.3886255924170616 0.02702702702702703 0.04265402843601896
0 0.47297297297297297 0.19312796208530808 0.02702702702702703 0.04976303317535545
0 0.7945945945945946 0.3471563981042654 0.036036036036036036 0.03554502369668247
0 0.8540540540540541 0.2571090047393365 0.02882882882882883 0.05450236966824645
0 0.8846846846846848 0.24407582938388628 0.032432432432432434 0.037914691943127965
0 0.8441441441441442 0.10545023696682465 0.03423423423423423 0.04502369668246446
0 0.6954954954954955 0.10545023696682465 0.036036036036036036 0.03554502369668247
0 0.6936936936936937 0.06635071090047394 0.036036036036036036 0.037914691943127965
0 0.518918918918919 0.15876777251184834 0.032432432432432434 0.04265402843601896
0 0.6468468468468469 0.35071090047393366 0.032432432432432434 0.037914691943127965
0 0.6486486486486487 0.39573459715639814 0.032432432432432434 0.03317535545023697
0 0.5234234234234234 0.1042654028436019 0.03783783783783784 0.05213270142180095
0 0.5333333333333333 0.04028436018957346 0.036036036036036036 0.04265402843601896
0 0.7891891891891892 0.08886255924170616 0.036036036036036036 0.04502369668246446
0 0.7144144144144144 0.6789099526066351 0.03783783783783784 0.04976303317535545
0 0.9459459459459459 0.7393364928909953 0.02882882882882883 0.05213270142180095
0 0.9612612612612613 0.35663507109004744 0.02702702702702703 0.03554502369668247
0 0.9468468468468468 0.22867298578199055 0.02702702702702703 0.04502369668246446
0 0.8 0.3080568720379147 0.032432432432432434 0.04265402843601896
0 0.8045045045045045 0.22867298578199055 0.03063063063063063 0.04976303317535545
0 0.8162162162162162 0.2511848341232228 0.02882882882882883 0.037914691943127965
0 0.8288288288288288 0.2855450236966825 0.021621621621621623 0.03554502369668247
0 0.6747747747747748 0.027251184834123227 0.02702702702702703 0.04028436018957346
0 0.8702702702702703 0.02132701421800948 0.02882882882882883 0.028436018957345974
0 0.9864864864864865 0.16943127962085308 0.023423423423423424 0.03554502369668247
0 0.7711711711711712 0.1718009478672986 0.025225225225225224 0.04976303317535545
0 0.9675675675675676 0.1137440758293839 0.025225225225225224 0.03317535545023697
0 0.9540540540540541 0.07938388625592417 0.02702702702702703 0.03554502369668247
0 0.9225225225225225 0.017772511848341235 0.025225225225225224 0.03080568720379147
0 0.9216216216216216 0.6516587677725119 0.023423423423423424 0.04265402843601896
0 0.8306306306306307 0.9751184834123223 0.021621621621621623 0.03554502369668247
0 0.7936936936936937 0.9869668246445499 0.03423423423423423 0.02132701421800948
0 0.24324324324324326 0.18720379146919433 0.02882882882882883 0.037914691943127965
0 0.12522522522522522 0.3649289099526067 0.023423423423423424 0.03317535545023697
0 0.11711711711711711 0.42061611374407587 0.025225225225225224 0.04028436018957346
0 0.4486486486486487 0.731042654028436 0.02882882882882883 0.04028436018957346
0 0.42162162162162165 0.6907582938388626 0.02882882882882883 0.03554502369668247
0 0.4072072072072072 0.7097156398104266 0.02882882882882883 0.04028436018957346
0 0.3900900900900901 0.7488151658767773 0.03783783783783784 0.03317535545023697
0 0.2099099099099099 0.5165876777251185 0.02702702702702703 0.037914691943127965
0 0.25675675675675674 0.5462085308056872 0.03063063063063063 0.03080568720379147
0 0.24414414414414415 0.5154028436018958 0.02702702702702703 0.04028436018957346
0 0.08648648648648649 0.1670616113744076 0.025225225225225224 0.03080568720379147
0 0.23243243243243245 0.12203791469194314 0.018018018018018018 0.026066350710900476
0 0.3981981981981982 0.07227488151658769 0.021621621621621623 0.03080568720379147
0 0.23153153153153153 0.015402843601895736 0.03423423423423423 0.03080568720379147
0 0.990990990990991 0.32345971563981046 0.014414414414414415 0.04502369668246446
0 0.9369369369369369 0.8815165876777252 0.025225225225225224 0.037914691943127965
0 0.9396396396396397 0.9087677725118484 0.01981981981981982 0.03554502369668247
0 0.7126126126126127 0.7819905213270143 0.03783783783783784 0.047393364928909956
0 0.654054054054054 0.802132701421801 0.032432432432432434 0.04502369668246446
0 0.6612612612612613 0.9052132701421801 0.025225225225225224 0.03317535545023697
0 0.02252252252252252 0.4383886255924171 0.023423423423423424 0.03317535545023697
0 0.062162162162162166 0.4407582938388626 0.023423423423423424 0.037914691943127965
0 0.044144144144144144 0.40639810426540285 0.02702702702702703 0.03554502369668247
0 0.3207207207207207 0.42298578199052134 0.036036036036036036 0.04028436018957346
0 0.2990990990990991 0.9691943127962086 0.032432432432432434 0.047393364928909956
0 0.33783783783783783 0.9715639810426541 0.03423423423423423 0.04265402843601896
0 0.18558558558558558 0.8625592417061612 0.025225225225225224 0.04265402843601896
0 0.2045045045045045 0.9407582938388627 0.03423423423423423 0.04265402843601896
0 0.18558558558558558 0.811611374407583 0.025225225225225224 0.03080568720379147
0 0.218018018018018 0.868483412322275 0.025225225225225224 0.04028436018957346
0 0.518918918918919 0.6244075829383887 0.02882882882882883 0.03554502369668247
0 0.7117117117117118 0.9869668246445499 0.036036036036036036 0.02132701421800948
0 0.7693693693693694 0.5639810426540285 0.025225225225225224 0.05213270142180095
0 0.9873873873873874 0.9597156398104266 0.021621621621621623 0.037914691943127965
0 0.17117117117117117 0.6504739336492892 0.021621621621621623 0.03554502369668247
0 0.13783783783783785 0.6812796208530806 0.03423423423423423 0.03080568720379147
0 0.33693693693693694 0.566350710900474 0.025225225225225224 0.03317535545023697
0 0.7423423423423423 0.8246445497630333 0.021621621621621623 0.037914691943127965
0 0.7153153153153153 0.8424170616113744 0.032432432432432434 0.04502369668246446
0 0.8486486486486486 0.8838862559241707 0.036036036036036036 0.04265402843601896
0 0.8702702702702703 0.9277251184834124 0.036036036036036036 0.04976303317535545
0 0.8792792792792793 0.863744075829384 0.032432432432432434 0.04502369668246446
0 0.5315315315315315 0.8957345971563981 0.02882882882882883 0.047393364928909956
0 0.3846846846846847 0.9573459715639812 0.023423423423423424 0.028436018957345974
0 0.48558558558558557 0.9324644549763034 0.08108108108108109 0.07819905213270142
0 0.8306306306306307 0.8329383886255924 0.06846846846846846 0.07819905213270142
0 0.7477477477477478 0.45260663507109006 0.032432432432432434 0.04265402843601896
0 0.6486486486486487 0.9644549763033176 0.02882882882882883 0.047393364928909956
