0 0.07698541329011345 0.873091603053435 0.06645056726094004 0.08206106870229007
0 0.13695299837925445 0.8330152671755725 0.07293354943273905 0.08206106870229007
0 0.012155591572123176 0.8282442748091603 0.02431118314424635 0.07633587786259542
0 0.01620745542949757 0.5047709923664122 0.03241491085899514 0.10114503816793893
0 0.018638573743922204 0.26717557251908397 0.03727714748784441 0.0648854961832061
0 0.04538087520259319 0.04580152671755725 0.09076175040518639 0.0916030534351145
0 0.1012965964343598 0.4980916030534351 0.09238249594813613 0.11450381679389313
0 0.06888168557536467 0.6316793893129771 0.06645056726094004 0.08778625954198473
0 0.09319286871961102 0.23854961832061067 0.07617504051863858 0.08778625954198473
0 0.1766612641815235 0.07919847328244274 0.0713128038897893 0.09732824427480916
0 0.17017828200972446 0.34732824427480913 0.06482982171799027 0.07633587786259542
0 0.018638573743922204 0.383587786259542 0.03403565640194489 0.04580152671755725
0 0.23824959481361424 0.3263358778625954 0.07779578606158832 0.05343511450381679
0 0.3873581847649919 0.2967557251908397 0.09076175040518639 0.08969465648854962
0 0.32820097244732577 0.19942748091603052 0.07941653160453808 0.09732824427480916
0 0.2957860615883306 0.046755725190839696 0.11507293354943274 0.09351145038167939
0 0.4205834683954619 0.047709923664122134 0.07941653160453808 0.09541984732824427
0 0.15721231766612642 0.6679389312977099 0.04213938411669368 0.05343511450381679
0 0.26094003241491087 0.7156488549618321 0.08103727714748785 0.09541984732824427
0 0.4343598055105348 0.5400763358778625 0.09076175040518639 0.11450381679389313
0 0.5024311183144247 0.7872137404580153 0.0713128038897893 0.08206106870229007
0 0.32090761750405183 0.8396946564885496 0.05834683954619124 0.07633587786259542
0 0.612641815235008 0.25 0.08427876823338736 0.0916030534351145
0 0.6037277147487844 0.09064885496183206 0.09562398703403566 0.11641221374045801
0 0.36952998379254454 0.95706106870229 0.0713128038897893 0.08206106870229007
0 0.28444084278768234 0.939885496183206 0.03403565640194489 0.047709923664122134
0 0.5405186385737439 0.9112595419847328 0.03079416531604538 0.03625954198473282
0 0.53322528363047 0.38549618320610685 0.03241491085899514 0.04198473282442748
0 0.5559157212317666 0.3549618320610687 0.03241491085899514 0.03816793893129771
0 0.4513776337115073 0.9589694656488549 0.07617504051863858 0.0782442748091603
0 0.5810372771474878 0.8635496183206106 0.03727714748784441 0.04389312977099236
0 0.6685575364667747 0.7652671755725191 0.09238249594813613 0.10305343511450381
0 0.5988654781199352 0.6612595419847328 0.08589951377633712 0.1316793893129771
0 0.7220421393841167 0.18893129770992365 0.0826580226904376 0.08778625954198473
0 0.793354943273906 0.08396946564885496 0.05672609400324149 0.0648854961832061
0 0.8209076175040518 0.17938931297709923 0.06320907617504051 0.07251908396946564
0 0.8103727714748784 0.8110687022900763 0.08427876823338736 0.09541984732824427
0 0.6782820097244733 0.9293893129770991 0.11183144246353321 0.12213740458015267
0 0.965964343598055 0.25763358778625955 0.05186385737439222 0.05725190839694656
0 0.8987034035656402 0.9198473282442747 0.07941653160453808 0.0916030534351145
0 0.9473257698541329 0.8034351145038168 0.10210696920583467 0.11068702290076335
0 0.7479740680713127 0.6001908396946565 0.03727714748784441 0.03625954198473282
0 0.8444084278768234 0.46851145038167935 0.02917341977309562 0.03625954198473282
0 0.6523500810372771 0.4017175572519084 0.027552674230145867 0.03625954198473282
0 0.6004862236628848 0.4017175572519084 0.04376012965964343 0.04389312977099236
0 0.9651539708265802 0.6049618320610687 0.03079416531604538 0.03435114503816794
0 0.9894651539708266 0.7099236641221374 0.017828200972447326 0.03816793893129771
0 0.7212317666126418 0.01717557251908397 0.05834683954619124 0.03435114503816794
