0 0.363314447592068 0.3481717011128776 0.03824362606232295 0.04769475357710652
0 0.42988668555240794 0.3004769475357711 0.04107648725212465 0.041335453100158986
0 0.3562322946175638 0.2798092209856916 0.02407932011331445 0.028616852146263912
0 0.33569405099150146 0.24642289348171703 0.0169971671388102 0.025437201907790145
0 0.2067988668555241 0.1987281399046105 0.0368271954674221 0.044515103338632754
0 0.22733711048158642 0.12718600953895073 0.032577903682719546 0.03815580286168522
0 0.2556657223796034 0.1724960254372019 0.032577903682719546 0.0397456279809221
0 0.1501416430594901 0.10810810810810811 0.0254957507082153 0.028616852146263912
0 0.28470254957507085 0.057233704292527825 0.053824362606232294 0.06359300476947537
0 0.38172804532577903 0.04292527821939587 0.049575070821529746 0.057233704292527825
0 0.523371104815864 0.28855325914149443 0.04107648725212465 0.046104928457869634
0 0.4674220963172805 0.3712241653418124 0.0339943342776204 0.04292527821939587
0 0.4971671388101983 0.41494435612082675 0.0368271954674221 0.04769475357710652
0 0.5722379603399433 0.39030206677265505 0.0254957507082153 0.030206677265500796
0 0.618271954674221 0.445945945945946 0.046742209631728045 0.055643879173290944
0 0.6005665722379604 0.5794912559618443 0.0453257790368272 0.046104928457869634
0 0.6841359773371105 0.6017488076311606 0.0339943342776204 0.03656597774244833
0 0.4688385269121813 0.013513513513513514 0.0254957507082153 0.02702702702702703
0 0.4454674220963173 0.055643879173290944 0.01558073654390935 0.01907790143084261
0 0.5042492917847026 0.05961844197138315 0.039660056657223795 0.046104928457869634
0 0.5630311614730878 0.03418124006359301 0.03824362606232295 0.0397456279809221
0 0.6126062322946176 0.16693163751987283 0.05524079320113315 0.044515103338632754
0 0.5970254957507083 0.21701112877583467 0.02407932011331445 0.02702702702702703
0 0.42705382436260625 0.1399046104928458 0.060906515580736544 0.07313195548489666
0 0.24079320113314448 0.2917329093799682 0.019830028328611898 0.02702702702702703
0 0.3562322946175638 0.16136724960254373 0.026912181303116147 0.030206677265500796
0 0.3824362606232295 0.4332273449920509 0.0226628895184136 0.030206677265500796
0 0.4284702549575071 0.4952305246422894 0.046742209631728045 0.046104928457869634
0 0.4886685552407932 0.5850556438791733 0.0339943342776204 0.041335453100158986
0 0.4135977337110482 0.5993640699523053 0.0226628895184136 0.025437201907790145
0 0.4086402266288952 0.6597774244833069 0.029745042492917848 0.031796502384737683
0 0.48371104815864024 0.6518282988871225 0.049575070821529746 0.05087440381558029
0 0.48300283286118983 0.7257551669316376 0.0481586402266289 0.055643879173290944
0 0.641643059490085 0.6287758346581876 0.042492917847025496 0.046104928457869634
0 0.5920679886685553 0.6637519872813991 0.019830028328611898 0.02384737678855326
0 0.6225212464589236 0.7567567567567568 0.04390934844192635 0.04769475357710652
0 0.5594900849858357 0.8076311605723371 0.039660056657223795 0.03815580286168522
0 0.6402266288951841 0.8116057233704294 0.0169971671388102 0.020667726550079493
0 0.7025495750708216 0.4666136724960255 0.028328611898016998 0.033386327503974564
0 0.3321529745042493 0.40222575516693165 0.01841359773371105 0.022257551669316377
0 0.37322946175637395 0.5357710651828299 0.04107648725212465 0.041335453100158986
0 0.6883852691218131 0.7082670906200318 0.0339943342776204 0.0397456279809221
0 0.5453257790368272 0.692368839427663 0.0169971671388102 0.02384737678855326
0 0.4957507082152975 0.12559618441971385 0.0113314447592068 0.015898251192368842
