0 0.322492 0.334547 0.018025 0.028096
0 0.355016 0.323621 0.017241 0.020812
0 0.342868 0.340271 0.008621 0.010406
0 0.319357 0.381374 0.010188 0.013528
0 0.320925 0.400104 0.008621 0.013528
0 0.355016 0.422477 0.015674 0.022893
0 0.380878 0.423517 0.015674 0.016649
0 0.349530 0.462539 0.014107 0.017690
0 0.326803 0.479709 0.017241 0.022893
0 0.345611 0.491675 0.012539 0.015609
0 0.308386 0.484391 0.014890 0.017690
0 0.354624 0.524454 0.016458 0.022893
0 0.333464 0.563476 0.030564 0.040583
0 0.385972 0.580125 0.013323 0.017690
0 0.398903 0.574402 0.010972 0.014568
0 0.411834 0.570760 0.010188 0.013528
0 0.401646 0.523413 0.013323 0.020812
0 0.416928 0.534860 0.014107 0.018730
0 0.426332 0.554110 0.017241 0.021852
0 0.429859 0.497399 0.013323 0.016649
0 0.449843 0.488554 0.014107 0.017690
0 0.477273 0.582726 0.026646 0.035380
0 0.495690 0.515609 0.018025 0.023933
0 0.504702 0.549948 0.014107 0.019771
0 0.507053 0.477627 0.014107 0.027055
0 0.455721 0.437045 0.014890 0.020812
0 0.481975 0.421436 0.017241 0.022893
0 0.452194 0.389698 0.015674 0.021852
0 0.520376 0.408949 0.017241 0.024974
0 0.550549 0.417794 0.010188 0.015609
0 0.545455 0.483351 0.010972 0.013528
0 0.568182 0.482310 0.020376 0.026015
0 0.484718 0.357440 0.010188 0.013528
0 0.477273 0.317898 0.023511 0.028096
0 0.510972 0.315297 0.015674 0.020812
0 0.532524 0.292404 0.018025 0.022893
0 0.519201 0.288241 0.008621 0.010406
0 0.546238 0.340791 0.018809 0.034339
0 0.545455 0.561915 0.015674 0.022893
0 0.523119 0.579084 0.014890 0.019771
0 0.445925 0.608741 0.010972 0.014568
0 0.436520 0.641519 0.012539 0.017690
0 0.426332 0.657648 0.014107 0.018730
0 0.394201 0.652445 0.010972 0.014568
0 0.375392 0.659209 0.015674 0.019771
0 0.419671 0.688866 0.018025 0.022893
0 0.416144 0.712279 0.017241 0.019771
0 0.449843 0.720083 0.017241 0.020812
0 0.481975 0.726847 0.014107 0.017690
0 0.488245 0.676379 0.009404 0.012487
0 0.523511 0.655567 0.010972 0.014568
0 0.554075 0.645161 0.018809 0.029136
0 0.529389 0.615505 0.021160 0.034339
0 0.580329 0.646722 0.016458 0.023933
0 0.589342 0.553070 0.010972 0.015609
0 0.618730 0.567118 0.018025 0.022893
0 0.605016 0.601457 0.018809 0.027055
0 0.630878 0.550468 0.007837 0.014568
0 0.616771 0.514568 0.015674 0.021852
0 0.618730 0.484391 0.013323 0.019771
0 0.574843 0.519251 0.008621 0.012487
0 0.592868 0.687825 0.018025 0.024974
0 0.625000 0.670135 0.016458 0.022893
0 0.575235 0.720083 0.017241 0.020812
0 0.598746 0.731530 0.010972 0.014568
0 0.673981 0.611863 0.018809 0.024974
0 0.664577 0.669615 0.014107 0.021852
0 0.655564 0.571280 0.018025 0.031217
0 0.674373 0.519251 0.016458 0.020812
0 0.566223 0.292404 0.013323 0.018730
0 0.597571 0.319979 0.013323 0.019771
0 0.614028 0.329865 0.013323 0.018730
0 0.612069 0.376691 0.020376 0.031217
0 0.650862 0.437565 0.010188 0.013528
0 0.104624 0.044225 0.021160 0.026015
0 0.021552 0.032778 0.018025 0.021852
0 0.049765 0.106660 0.018025 0.021852
0 0.068966 0.076483 0.010972 0.013528
0 0.086207 0.096774 0.021944 0.029136
0 0.174373 0.108741 0.018025 0.023933
0 0.123041 0.142040 0.014107 0.019771
0 0.109326 0.157128 0.016458 0.022893
0 0.094436 0.237253 0.019592 0.031217
0 0.192790 0.092612 0.015674 0.018730
0 0.215909 0.060874 0.014890 0.019771
0 0.165752 0.023933 0.010188 0.014568
0 0.239420 0.015609 0.013323 0.016649
0 0.278997 0.041103 0.014107 0.017690
0 0.037226 0.079084 0.007053 0.008325
0 0.006661 0.083247 0.008621 0.014568
0 0.030956 0.121748 0.008621 0.012487
0 0.038793 0.158169 0.013323 0.018730
0 0.066223 0.185224 0.019592 0.022893
0 0.083856 0.173777 0.009404 0.010406
0 0.102273 0.105099 0.010188 0.014568
0 0.047022 0.197190 0.021944 0.021852
0 0.026254 0.206035 0.013323 0.016649
0 0.037226 0.218522 0.008621 0.010406
0 0.042320 0.248179 0.009404 0.011446
0 0.028605 0.238293 0.018025 0.022893
0 0.170455 0.237253 0.013323 0.020812
0 0.200235 0.237773 0.016458 0.021852
0 0.498824 0.117066 0.024295 0.028096
0 0.435737 0.132154 0.021944 0.027055
0 0.187304 0.291883 0.012539 0.019771
0 0.162226 0.304370 0.015674 0.019771
0 0.209248 0.331946 0.012539 0.022893
0 0.267633 0.321020 0.016458 0.021852
0 0.246082 0.253382 0.014107 0.017690
0 0.274295 0.261186 0.015674 0.020812
0 0.310737 0.298127 0.016458 0.021852
0 0.357759 0.240375 0.022727 0.024974
0 0.326019 0.250780 0.014107 0.016649
0 0.396944 0.282518 0.019592 0.023933
0 0.415752 0.026015 0.014890 0.020812
0 0.440439 0.034339 0.015674 0.018730
0 0.437696 0.057752 0.016458 0.017690
0 0.436912 0.089490 0.011755 0.012487
0 0.381661 0.088450 0.017241 0.022893
0 0.354232 0.098855 0.018809 0.022893
0 0.342868 0.127471 0.018025 0.021852
0 0.297022 0.124870 0.012539 0.018730
0 0.228056 0.133715 0.015674 0.017690
0 0.246082 0.142040 0.014107 0.015609
0 0.251567 0.105099 0.010972 0.010406
0 0.045846 0.317378 0.014890 0.018730
0 0.065439 0.314776 0.013323 0.019771
0 0.084248 0.315297 0.018025 0.027055
0 0.109326 0.317898 0.018025 0.021852
0 0.009404 0.322581 0.017241 0.024974
0 0.004310 0.244017 0.007053 0.030177
0 0.019201 0.367846 0.014890 0.021852
0 0.043887 0.422477 0.021944 0.029136
0 0.010972 0.497399 0.020376 0.029136
0 0.069357 0.478668 0.019592 0.020812
0 0.104232 0.500520 0.009404 0.012487
0 0.129702 0.510406 0.013323 0.011446
0 0.106583 0.460978 0.021944 0.024974
0 0.237853 0.188345 0.011755 0.014568
0 0.298981 0.203954 0.010188 0.016649
0 0.349138 0.206035 0.014890 0.018730
0 0.388715 0.164932 0.015674 0.028096
0 0.409091 0.172216 0.014107 0.026015
0 0.434953 0.198751 0.015674 0.024974
0 0.409091 0.227888 0.012539 0.014568
0 0.470611 0.202393 0.014890 0.021852
0 0.491379 0.245057 0.017241 0.023933
0 0.532915 0.225806 0.015674 0.022893
0 0.558386 0.201873 0.018025 0.018730
0 0.577978 0.199272 0.007053 0.013528
0 0.441614 0.259625 0.013323 0.015609
0 0.507053 0.015088 0.025078 0.021852
0 0.522727 0.028616 0.012539 0.019771
0 0.550549 0.042144 0.024295 0.034339
0 0.576411 0.061394 0.030564 0.037461
0 0.636755 0.009365 0.011755 0.012487
0 0.645768 0.023933 0.009404 0.014568
0 0.701411 0.046826 0.012539 0.018730
0 0.738245 0.017170 0.020376 0.023933
0 0.844828 0.007284 0.015674 0.012487
0 0.961207 0.007284 0.016458 0.012487
0 0.995690 0.046826 0.008621 0.016649
0 0.978448 0.028616 0.010188 0.015609
0 0.931818 0.026535 0.020376 0.019771
0 0.962774 0.039542 0.013323 0.016649
0 0.888715 0.040583 0.018809 0.020812
0 0.853056 0.035900 0.013323 0.019771
0 0.840909 0.051509 0.014107 0.021852
0 0.982759 0.104579 0.009404 0.013528
0 0.989812 0.131113 0.010972 0.020812
0 0.922414 0.126951 0.020376 0.024974
0 0.897727 0.098335 0.013323 0.017690
0 0.896944 0.128512 0.008621 0.015609
0 0.850705 0.092092 0.010188 0.013528
0 0.834639 0.097815 0.014107 0.022893
0 0.856191 0.119147 0.014890 0.017690
0 0.846003 0.139958 0.019592 0.021852
0 0.767633 0.093652 0.016458 0.022893
0 0.726097 0.108741 0.008621 0.013528
0 0.698668 0.079084 0.011755 0.014568
0 0.595219 0.119667 0.022727 0.024974
0 0.581113 0.160770 0.010188 0.017690
0 0.572100 0.172216 0.006270 0.011446
0 0.591693 0.193548 0.014107 0.029136
0 0.614812 0.215401 0.010188 0.018730
0 0.608150 0.239854 0.018809 0.019771
0 0.588950 0.278356 0.008621 0.015609
0 0.811129 0.121228 0.006270 0.013528
0 0.813088 0.171176 0.011755 0.021852
0 0.937696 0.157128 0.016458 0.018730
0 0.965909 0.168574 0.014890 0.018730
0 0.993339 0.201353 0.011755 0.023933
0 0.968652 0.239334 0.018809 0.024974
0 0.948668 0.220604 0.016458 0.022893
0 0.994906 0.271592 0.010188 0.016649
0 0.967085 0.270031 0.010972 0.017690
0 0.981191 0.286681 0.014107 0.017690
0 0.939655 0.239334 0.007837 0.016649
0 0.782132 0.135796 0.021944 0.026015
0 0.771160 0.183143 0.023511 0.027055
0 0.839342 0.171696 0.014107 0.018730
0 0.866771 0.184703 0.014107 0.017690
0 0.855408 0.237773 0.014890 0.021852
0 0.925157 0.285640 0.021160 0.021852
0 0.902821 0.255983 0.009404 0.014568
0 0.902821 0.290843 0.010972 0.021852
0 0.978056 0.328824 0.012539 0.022893
0 0.938088 0.369927 0.034483 0.034339
0 0.639107 0.119147 0.014890 0.017690
0 0.663009 0.136837 0.015674 0.019771
0 0.683777 0.156608 0.011755 0.013528
0 0.704154 0.169095 0.021160 0.026015
0 0.726097 0.183143 0.021160 0.024974
0 0.763323 0.213840 0.018809 0.026015
0 0.783699 0.232050 0.021944 0.027055
0 0.799765 0.253382 0.018025 0.019771
0 0.849530 0.297086 0.037618 0.038502
0 0.975313 0.462539 0.013323 0.019771
0 0.953762 0.453174 0.014107 0.013528
0 0.944357 0.479709 0.010972 0.018730
0 0.987461 0.514048 0.009404 0.016649
0 0.971395 0.587409 0.011755 0.017690
0 0.981975 0.630593 0.015674 0.020812
0 0.997649 0.683143 0.004702 0.021852
0 0.978448 0.776275 0.016458 0.027055
0 0.956113 0.785640 0.015674 0.027055
0 0.972571 0.818939 0.017241 0.027055
0 0.966301 0.871488 0.014107 0.019771
0 0.994906 0.896462 0.010188 0.028096
0 0.984326 0.966181 0.014107 0.026015
0 0.985893 0.994277 0.018809 0.011446
0 0.942790 0.967742 0.015674 0.022893
0 0.968260 0.673777 0.010188 0.013528
0 0.960031 0.638398 0.015674 0.019771
0 0.938088 0.598335 0.015674 0.022893
0 0.937696 0.530697 0.016458 0.020812
0 0.914185 0.560354 0.010188 0.017690
0 0.914185 0.655047 0.014890 0.021852
0 0.920846 0.720083 0.017241 0.020812
0 0.932602 0.680541 0.007837 0.016649
0 0.909483 0.951093 0.014890 0.016649
0 0.885188 0.973465 0.013323 0.026015
0 0.883621 0.929761 0.016458 0.026015
0 0.846003 0.939126 0.018025 0.026015
0 0.835815 0.981270 0.013323 0.016649
0 0.768025 0.973985 0.006270 0.006243
0 0.745298 0.952133 0.009404 0.014568
0 0.751959 0.927680 0.011755 0.017690
0 0.706113 0.975546 0.010972 0.017690
0 0.708856 0.994277 0.013323 0.011446
0 0.734326 0.996358 0.010972 0.007284
0 0.907132 0.887097 0.010188 0.015609
0 0.893025 0.880333 0.008621 0.014568
0 0.897727 0.839750 0.021160 0.027055
0 0.882837 0.803330 0.016458 0.020812
0 0.906740 0.774194 0.014107 0.022893
0 0.908307 0.749740 0.012539 0.019771
0 0.874216 0.675858 0.036834 0.038502
0 0.663401 0.959417 0.022727 0.022893
0 0.587774 0.956816 0.014107 0.017690
0 0.553292 0.959417 0.018809 0.033299
0 0.525470 0.934443 0.013323 0.020812
0 0.513323 0.930281 0.012539 0.016649
0 0.447100 0.944329 0.021160 0.026015
0 0.420455 0.947451 0.018025 0.026015
0 0.399295 0.965140 0.011755 0.019771
0 0.380486 0.958377 0.016458 0.024974
0 0.380878 0.993757 0.015674 0.012487
0 0.357367 0.994797 0.010972 0.010406
0 0.352273 0.979188 0.014890 0.016649
0 0.306818 0.956296 0.019592 0.029136
0 0.289969 0.983351 0.010972 0.014568
0 0.332288 0.962019 0.009404 0.013528
0 0.219436 0.961498 0.012539 0.018730
0 0.203762 0.942768 0.015674 0.024974
0 0.182210 0.947971 0.014890 0.020812
0 0.096787 0.994277 0.010188 0.011446
0 0.047806 0.991675 0.010972 0.016649
0 0.032524 0.975546 0.011755 0.021852
0 0.062696 0.962539 0.020376 0.020812
0 0.113245 0.968783 0.008621 0.012487
0 0.149687 0.960978 0.025078 0.028096
0 0.156348 0.914672 0.019592 0.029136
0 0.092085 0.921436 0.011755 0.021852
0 0.103056 0.867846 0.016458 0.020812
0 0.075627 0.880853 0.013323 0.023933
0 0.027429 0.898023 0.017241 0.020812
0 0.016458 0.931322 0.009404 0.012487
0 0.003135 0.804891 0.004702 0.017690
0 0.010972 0.737253 0.020376 0.023933
0 0.006270 0.674298 0.010972 0.012487
0 0.032132 0.669615 0.015674 0.017690
0 0.039969 0.646202 0.009404 0.014568
0 0.024295 0.606139 0.012539 0.017690
0 0.045846 0.529136 0.013323 0.017690
0 0.067006 0.529136 0.010188 0.009365
0 0.072100 0.583247 0.017241 0.021852
0 0.112461 0.556191 0.022727 0.030177
0 0.104624 0.591571 0.019592 0.021852
0 0.100313 0.620708 0.021944 0.026015
0 0.097179 0.659209 0.012539 0.017690
0 0.113636 0.662851 0.021944 0.024974
0 0.142633 0.654527 0.020376 0.027055
0 0.044279 0.726847 0.011755 0.017690
0 0.033307 0.796046 0.010188 0.014568
0 0.039969 0.817378 0.010972 0.011446
0 0.079937 0.760666 0.009404 0.014568
0 0.080329 0.793444 0.019592 0.023933
0 0.083856 0.819979 0.014107 0.016649
0 0.102273 0.777836 0.018025 0.021852
0 0.114420 0.760666 0.012539 0.012487
0 0.125392 0.802289 0.020376 0.024974
0 0.143025 0.720083 0.013323 0.018730
0 0.084639 0.690947 0.010972 0.014568
0 0.097571 0.360042 0.011755 0.016649
0 0.107759 0.425078 0.019592 0.023933
0 0.137539 0.394381 0.016458 0.024974
0 0.178292 0.365765 0.014890 0.015609
0 0.152429 0.464100 0.019592 0.024974
0 0.189263 0.470864 0.018025 0.026015
0 0.219044 0.399584 0.016458 0.018730
0 0.211207 0.428200 0.011755 0.019771
0 0.231975 0.424037 0.009404 0.017690
0 0.222179 0.455255 0.011755 0.019771
0 0.128527 0.264308 0.007837 0.010406
0 0.109718 0.255983 0.010972 0.012487
0 0.278997 0.356920 0.010972 0.016649
0 0.271552 0.378772 0.018025 0.029136
0 0.254310 0.457856 0.013323 0.018730
0 0.264890 0.482830 0.010972 0.020812
0 0.297414 0.501561 0.011755 0.012487
0 0.284091 0.561394 0.014890 0.032258
0 0.256661 0.531217 0.013323 0.019771
0 0.202586 0.560354 0.018025 0.023933
0 0.236677 0.587929 0.021944 0.024974
0 0.270376 0.583767 0.010972 0.020812
0 0.303292 0.607180 0.017241 0.023933
0 0.317006 0.676899 0.019592 0.028096
0 0.130094 0.576483 0.012539 0.016649
0 0.152429 0.604579 0.016458 0.020812
0 0.186129 0.598855 0.013323 0.021852
0 0.164185 0.681061 0.014890 0.019771
0 0.191223 0.665453 0.015674 0.019771
0 0.235502 0.623829 0.013323 0.017690
0 0.272335 0.650364 0.021160 0.024974
0 0.259796 0.684703 0.008621 0.018730
0 0.242555 0.669615 0.013323 0.028096
0 0.217476 0.685744 0.014890 0.029136
0 0.170063 0.709677 0.010972 0.012487
0 0.173589 0.731530 0.014890 0.018730
0 0.201803 0.741935 0.018025 0.024974
0 0.186129 0.758585 0.008621 0.014568
0 0.177508 0.808533 0.016458 0.024974
0 0.166144 0.830385 0.010972 0.014568
0 0.227665 0.745057 0.008621 0.014568
0 0.230799 0.719563 0.007053 0.011446
0 0.267633 0.750780 0.025862 0.028096
0 0.307994 0.758585 0.017241 0.018730
0 0.275470 0.794485 0.018025 0.023933
0 0.302900 0.798127 0.018025 0.022893
0 0.309561 0.826743 0.017241 0.021852
0 0.226881 0.832466 0.019592 0.029136
0 0.246082 0.850676 0.017241 0.023933
0 0.258229 0.864204 0.016458 0.021852
0 0.245298 0.914672 0.010972 0.016649
0 0.280564 0.886056 0.023511 0.032258
0 0.309561 0.880853 0.014107 0.019771
0 0.329937 0.898543 0.017241 0.021852
0 0.355016 0.851717 0.015674 0.019771
0 0.347571 0.790323 0.018025 0.023933
0 0.376176 0.809573 0.015674 0.033299
0 0.399295 0.873049 0.018025 0.020812
0 0.414577 0.895421 0.009404 0.013528
0 0.454937 0.900624 0.019592 0.021852
0 0.421630 0.815817 0.015674 0.020812
0 0.405956 0.739854 0.014107 0.020812
0 0.454545 0.762747 0.014107 0.016649
0 0.462774 0.843392 0.016458 0.026015
0 0.501176 0.812695 0.016458 0.024974
0 0.521944 0.800208 0.017241 0.022893
0 0.573668 0.767950 0.017241 0.022893
0 0.627743 0.771072 0.026646 0.033299
0 0.574060 0.816857 0.019592 0.027055
0 0.552900 0.815297 0.014890 0.019771
0 0.525862 0.862643 0.014107 0.024974
0 0.551724 0.872529 0.015674 0.017690
0 0.562696 0.854318 0.014107 0.022893
0 0.582288 0.846514 0.010972 0.019771
0 0.592868 0.875130 0.019592 0.027055
0 0.574451 0.919875 0.015674 0.018730
0 0.622649 0.925598 0.014890 0.021852
0 0.643809 0.924558 0.018025 0.026015
0 0.653997 0.813736 0.011755 0.018730
0 0.668495 0.779396 0.010972 0.016649
0 0.494514 0.754422 0.012539 0.014568
0 0.660658 0.906348 0.007837 0.008325
0 0.671630 0.894901 0.009404 0.018730
0 0.677508 0.915193 0.011755 0.017690
0 0.364028 0.184183 0.011755 0.014568
0 0.693574 0.227367 0.017241 0.021852
0 0.724530 0.267430 0.013323 0.018730
0 0.788401 0.326223 0.014107 0.021852
0 0.805643 0.302289 0.009404 0.011446
0 0.818182 0.343392 0.018809 0.024974
0 0.845611 0.383455 0.018809 0.026015
0 0.858934 0.419875 0.014107 0.019771
0 0.903997 0.401665 0.013323 0.018730
0 0.876959 0.448491 0.017241 0.018730
0 0.914185 0.449011 0.008621 0.011446
0 0.881661 0.470343 0.015674 0.016649
0 0.904781 0.502601 0.014890 0.020812
0 0.707680 0.310094 0.020376 0.027055
0 0.747649 0.349116 0.017241 0.023933
0 0.755878 0.386576 0.016458 0.026015
0 0.691223 0.347034 0.020376 0.023933
0 0.651254 0.355879 0.012539 0.016649
0 0.722179 0.374610 0.016458 0.022893
0 0.704937 0.400104 0.028997 0.028096
0 0.679075 0.410510 0.013323 0.023933
0 0.809169 0.387097 0.018025 0.020812
0 0.784091 0.416753 0.010188 0.015609
0 0.722179 0.430801 0.011755 0.016649
0 0.746473 0.437565 0.014890 0.021852
0 0.805643 0.449532 0.014107 0.016649
0 0.841301 0.498439 0.008621 0.012487
0 0.805251 0.511446 0.016458 0.023933
0 0.725313 0.471904 0.010188 0.013528
0 0.809169 0.588450 0.025862 0.030177
0 0.871865 0.552549 0.014890 0.016649
0 0.801724 0.552549 0.010972 0.014568
0 0.825235 0.544225 0.012539 0.016649
0 0.830721 0.559313 0.014107 0.013528
0 0.848354 0.586368 0.016458 0.021852
0 0.874216 0.595734 0.011755 0.021852
0 0.853448 0.636316 0.007837 0.015609
0 0.732759 0.570239 0.010972 0.018730
0 0.720219 0.584807 0.012539 0.018730
0 0.699451 0.594693 0.013323 0.019771
0 0.721003 0.626951 0.010972 0.019771
0 0.777429 0.676379 0.018809 0.022893
0 0.760580 0.705515 0.016458 0.024974
0 0.728056 0.729448 0.014107 0.020812
0 0.707288 0.758065 0.021160 0.026015
0 0.824060 0.763267 0.013323 0.017690
0 0.865204 0.741935 0.015674 0.022893
0 0.849138 0.795525 0.016458 0.021852
0 0.833072 0.813736 0.015674 0.020812
0 0.844436 0.837149 0.019592 0.028096
0 0.849530 0.887097 0.018809 0.028096
0 0.819357 0.882934 0.014890 0.021852
0 0.760972 0.848595 0.015674 0.028096
0 0.774687 0.877211 0.014890 0.020812
0 0.719436 0.875130 0.014107 0.018730
0 0.715909 0.901665 0.019592 0.021852
0 0.700235 0.927680 0.014890 0.019771
0 0.752351 0.797086 0.012539 0.016649
0 0.751959 0.779917 0.011755 0.011446
0 0.619906 0.822581 0.010972 0.017690
