0 0.105417 0.055666 0.043924 0.059642
0 0.183748 0.105368 0.042460 0.055666
0 0.145681 0.219682 0.045388 0.057654
0 0.064422 0.242545 0.055637 0.063618
0 0.135432 0.317097 0.036603 0.045726
0 0.192533 0.323062 0.033675 0.045726
0 0.237189 0.348907 0.040996 0.049702
0 0.303075 0.284294 0.035139 0.047714
0 0.079063 0.386680 0.032211 0.049702
0 0.023426 0.433400 0.040996 0.063618
0 0.105417 0.445328 0.040996 0.051690
0 0.098829 0.550696 0.054173 0.079523
0 0.227672 0.543738 0.039531 0.053678
0 0.185212 0.652087 0.060029 0.083499
0 0.040996 0.701789 0.046852 0.067594
0 0.072474 0.687873 0.027818 0.047714
0 0.076867 0.802187 0.042460 0.061630
0 0.071010 0.953280 0.051245 0.073559
0 0.158126 0.927435 0.052709 0.065606
0 0.232064 0.953280 0.030747 0.049702
0 0.306003 0.903579 0.035139 0.049702
0 0.333821 0.955268 0.043924 0.057654
0 0.398975 0.796223 0.054173 0.073559
0 0.431186 0.600398 0.065886 0.083499
0 0.451684 0.358847 0.039531 0.053678
0 0.499268 0.323062 0.043924 0.057654
0 0.564422 0.311133 0.036603 0.053678
0 0.609810 0.392644 0.048316 0.065606
0 0.568814 0.585487 0.054173 0.061630
0 0.551977 0.687873 0.043924 0.067594
0 0.649341 0.644135 0.042460 0.059642
0 0.647145 0.551690 0.040996 0.053678
0 0.718155 0.770378 0.048316 0.061630
0 0.658858 0.882704 0.046852 0.063618
0 0.776720 0.908549 0.045388 0.063618
0 0.839678 0.892644 0.045388 0.055666
0 0.834553 0.617296 0.038067 0.057654
0 0.948755 0.568588 0.046852 0.059642
0 0.937042 0.402584 0.040996 0.057654
0 0.969253 0.457256 0.038067 0.055666
0 0.767204 0.431412 0.035139 0.043738
0 0.804539 0.335984 0.057101 0.075547
0 0.757687 0.516899 0.036603 0.043738
0 0.377013 0.161034 0.103953 0.083499
0 0.478770 0.224652 0.038067 0.055666
0 0.480234 0.127237 0.029283 0.047714
0 0.319180 0.014911 0.052709 0.025845
0 0.454612 0.025845 0.045388 0.047714
0 0.539531 0.019881 0.054173 0.035785
0 0.611274 0.052684 0.057101 0.073559
0 0.740117 0.098410 0.039531 0.053678
0 0.796486 0.184891 0.032211 0.039761
0 0.983163 0.832008 0.033675 0.069583
0 0.674231 0.145129 0.027818 0.039761
0 0.661054 0.332008 0.033675 0.043738
0 0.920937 0.702783 0.029283 0.049702
0 0.463397 0.691849 0.019034 0.027833
