0 0.028968 0.073333 0.038889 0.053333
0 0.020238 0.379444 0.038889 0.061111
0 0.167460 0.271111 0.036508 0.064444
0 0.059127 0.788889 0.048413 0.066667
0 0.055556 0.893333 0.023810 0.031111
0 0.125397 0.723889 0.028571 0.043333
0 0.139286 0.622222 0.030952 0.044444
0 0.160714 0.562222 0.023016 0.035556
0 0.150000 0.451667 0.023810 0.038889
0 0.423413 0.481667 0.057937 0.058889
0 0.481746 0.453333 0.042857 0.055556
0 0.639683 0.394444 0.065079 0.086667
0 0.389286 0.708889 0.021429 0.033333
0 0.339683 0.741667 0.025397 0.043333
0 0.532540 0.511667 0.036508 0.050000
0 0.553571 0.614444 0.042063 0.057778
0 0.418254 0.836111 0.033333 0.043333
0 0.446429 0.791111 0.034127 0.051111
0 0.683333 0.714444 0.036508 0.051111
0 0.533730 0.769444 0.019841 0.027778
0 0.674603 0.238889 0.036508 0.051111
0 0.152778 0.026111 0.035714 0.050000
0 0.351587 0.083889 0.034921 0.045556
0 0.309921 0.135000 0.023016 0.036667
0 0.369841 0.966111 0.063492 0.063333
0 0.307143 0.868889 0.033333 0.048889
0 0.488095 0.956667 0.026984 0.040000
0 0.524603 0.840000 0.034921 0.055556
0 0.578968 0.946667 0.030952 0.046667
0 0.683730 0.480556 0.026190 0.041111
0 0.712698 0.841111 0.039683 0.048889
0 0.800794 0.760000 0.041270 0.053333
0 0.770635 0.610556 0.047619 0.065556
0 0.535714 0.058889 0.034921 0.051111
0 0.575397 0.158889 0.026984 0.037778
0 0.583730 0.323333 0.026190 0.040000
0 0.698016 0.114444 0.021429 0.031111
0 0.762698 0.263889 0.034921 0.043333
0 0.911111 0.351111 0.047619 0.062222
0 0.913889 0.232778 0.030952 0.043333
0 0.750000 0.445000 0.030159 0.041111
0 0.917460 0.432222 0.026984 0.035556
0 0.903968 0.697778 0.036508 0.051111
0 0.946825 0.643333 0.038095 0.051111
0 0.976587 0.752222 0.032540 0.053333
0 0.968254 0.565000 0.020635 0.034444
0 0.279365 0.085000 0.034921 0.043333
0 0.871825 0.007778 0.032540 0.013333
0 0.960317 0.286667 0.025397 0.033333
0 0.142857 0.985000 0.023810 0.025556
