0 0.03488372093023256 0.11746987951807228 0.06976744186046512 0.12248995983935741
0 0.3372093023255814 0.39156626506024095 0.08139534883720931 0.10441767068273092
0 0.1438953488372093 0.4477911646586345 0.061046511627906974 0.08433734939759036
0 0.21220930232558138 0.4236947791164658 0.0755813953488372 0.06024096385542168
0 0.2558139534883721 0.1114457831325301 0.11046511627906977 0.1465863453815261
0 0.16497093023255813 0.05220883534136546 0.030523255813953487 0.040160642570281124
0 0.07049418604651163 0.3333333333333333 0.07122093023255814 0.08835341365461846
0 0.28488372093023256 0.29216867469879515 0.0755813953488372 0.09839357429718874
0 0.14607558139534885 0.16967871485943772 0.07122093023255814 0.09839357429718874
0 0.36627906976744184 0.1255020080321285 0.061046511627906974 0.10642570281124497
0 0.529796511627907 0.17971887550200802 0.09156976744186046 0.12650602409638553
0 0.5385174418604651 0.3473895582329317 0.07412790697674418 0.10843373493975902
0 0.6373546511627907 0.285140562248996 0.07412790697674418 0.09236947791164658
0 0.7252906976744186 0.2680722891566265 0.061046511627906974 0.08634538152610441
0 0.6947674418604651 0.024096385542168672 0.08139534883720931 0.048192771084337345
0 0.6402616279069767 0.08634538152610441 0.056686046511627904 0.07228915662650602
0 0.7020348837209303 0.17068273092369476 0.05813953488372093 0.08032128514056225
0 0.5305232558139534 0.7740963855421686 0.0755813953488372 0.142570281124498
0 0.08139534883720931 0.606425702811245 0.08430232558139535 0.11646586345381525
0 0.050872093023255814 0.7409638554216866 0.05813953488372093 0.08032128514056225
0 0.05886627906976744 0.9718875502008031 0.06540697674418605 0.05220883534136546
0 0.11991279069767442 0.9558232931726907 0.06831395348837209 0.08433734939759036
0 0.2252906976744186 0.8323293172690762 0.07267441860465117 0.10240963855421686
0 0.3793604651162791 0.6536144578313252 0.0872093023255814 0.12248995983935741
0 0.4425872093023256 0.9106425702811244 0.06540697674418605 0.09036144578313252
0 0.5901162790697674 0.8815261044176707 0.08430232558139535 0.10441767068273092
0 0.720203488372093 0.9337349397590361 0.07412790697674418 0.1004016064257028
0 0.8415697674418604 0.9267068273092368 0.0872093023255814 0.11044176706827308
0 0.9295058139534884 0.754016064257028 0.08866279069767442 0.12248995983935741
0 0.9069767441860465 0.5682730923694779 0.05813953488372093 0.08433734939759036
0 0.9651162790697674 0.6385542168674698 0.06686046511627906 0.1004016064257028
0 0.8989825581395349 0.4759036144578313 0.036337209302325583 0.06024096385542168
0 0.8575581395348837 0.35742971887550196 0.04941860465116279 0.0642570281124498
0 0.2696220930232558 0.9618473895582328 0.07122093023255814 0.07228915662650602
0 0.13299418604651161 0.7831325301204819 0.036337209302325583 0.05220883534136546
0 0.00872093023255814 0.6074297188755019 0.01744186046511628 0.09437751004016064
0 0.7456395348837209 0.5813253012048192 0.029069767441860465 0.03413654618473895
0 0.4578488372093023 0.03112449799196787 0.03197674418604651 0.0502008032128514
0 0.5203488372093024 0.5060240963855421 0.020348837209302327 0.03614457831325301
0 0.46511627906976744 0.48192771084337344 0.020348837209302327 0.0321285140562249
0 0.4876453488372093 0.4457831325301204 0.030523255813953487 0.040160642570281124
