0 0.2705479452054794 0.15217391304347827 0.02511415525114155 0.026915113871635612
0 0.3013698630136986 0.15942028985507248 0.0228310502283105 0.020703933747412008
0 0.2728310502283105 0.1853002070393375 0.02054794520547945 0.02277432712215321
0 0.3002283105022831 0.19254658385093168 0.01598173515981735 0.012422360248447206
0 0.3595890410958904 0.17598343685300208 0.03424657534246575 0.033126293995859216
0 0.4063926940639269 0.1915113871635611 0.0273972602739726 0.026915113871635612
0 0.4337899543378995 0.2028985507246377 0.0182648401826484 0.016563146997929608
0 0.3710045662100456 0.2277432712215321 0.02968036529680365 0.028985507246376815
0 0.22488584474885842 0.29296066252587993 0.03881278538812785 0.039337474120082816
0 0.1952054794520548 0.2277432712215321 0.02968036529680365 0.028985507246376815
0 0.1643835616438356 0.2215320910973085 0.0273972602739726 0.028985507246376815
0 0.16552511415525112 0.3115942028985507 0.02054794520547945 0.018633540372670808
0 0.2009132420091324 0.34057971014492755 0.0228310502283105 0.02277432712215321
0 0.273972602739726 0.2732919254658385 0.0182648401826484 0.02484472049689441
0 0.2773972602739726 0.30538302277432716 0.02511415525114155 0.02277432712215321
0 0.158675799086758 0.391304347826087 0.02511415525114155 0.028985507246376815
0 0.25799086757990863 0.4006211180124224 0.0365296803652968 0.031055900621118016
0 0.2968036529680365 0.4057971014492754 0.0273972602739726 0.028985507246376815
0 0.20662100456621002 0.47722567287784684 0.02054794520547945 0.02277432712215321
0 0.28538812785388123 0.49068322981366463 0.0365296803652968 0.041407867494824016
0 0.3276255707762557 0.458592132505176 0.03424657534246575 0.031055900621118016
0 0.3904109589041096 0.4244306418219462 0.0182648401826484 0.016563146997929608
0 0.3264840182648402 0.32919254658385094 0.0273972602739726 0.033126293995859216
0 0.386986301369863 0.26811594202898553 0.01598173515981735 0.014492753623188408
0 0.23059360730593606 0.12215320910973086 0.0273972602739726 0.028985507246376815
0 0.4646118721461187 0.13768115942028986 0.02054794520547945 0.018633540372670808
0 0.34018264840182644 0.22877846790890272 0.0228310502283105 0.02277432712215321
0 0.38926940639269403 0.30227743271221535 0.02511415525114155 0.02484472049689441
0 0.4200913242009132 0.375776397515528 0.0228310502283105 0.026915113871635612
0 0.42579908675799083 0.4296066252587992 0.02968036529680365 0.026915113871635612
0 0.5171232876712328 0.44099378881987583 0.03881278538812785 0.037267080745341616
0 0.45776255707762553 0.36645962732919257 0.01141552511415525 0.012422360248447206
0 0.38470319634703193 0.5041407867494825 0.01141552511415525 0.010351966873706004
0 0.44863013698630133 0.5041407867494825 0.02511415525114155 0.02277432712215321
0 0.571917808219178 0.48343685300207045 0.02054794520547945 0.018633540372670808
0 0.5753424657534246 0.5072463768115942 0.0273972602739726 0.020703933747412008
0 0.5410958904109588 0.5113871635610766 0.0182648401826484 0.016563146997929608
0 0.6221461187214612 0.4782608695652174 0.02054794520547945 0.020703933747412008
0 0.6541095890410958 0.4213250517598344 0.02054794520547945 0.02277432712215321
0 0.6723744292237442 0.43271221532091103 0.02968036529680365 0.02484472049689441
0 0.6906392694063926 0.44824016563147 0.01598173515981735 0.010351966873706004
0 0.7134703196347032 0.46066252587991724 0.02511415525114155 0.026915113871635612
0 0.7317351598173516 0.4958592132505176 0.02054794520547945 0.014492753623188408
0 0.6769406392694064 0.3830227743271222 0.02511415525114155 0.020703933747412008
0 0.752283105022831 0.3954451345755694 0.02511415525114155 0.028985507246376815
0 0.7534246575342465 0.34265010351966874 0.0273972602739726 0.031055900621118016
0 0.728310502283105 0.28260869565217395 0.0182648401826484 0.014492753623188408
0 0.6621004566210045 0.29399585921325055 0.0228310502283105 0.020703933747412008
0 0.3550228310502283 0.08281573498964803 0.02511415525114155 0.02484472049689441
0 0.4246575342465753 0.11180124223602485 0.0182648401826484 0.016563146997929608
0 0.3972602739726027 0.09834368530020704 0.0228310502283105 0.02277432712215321
0 0.48972602739726023 0.11180124223602485 0.02054794520547945 0.02484472049689441
0 0.5399543378995434 0.12111801242236025 0.01598173515981735 0.018633540372670808
0 0.4920091324200913 0.14906832298136646 0.02968036529680365 0.028985507246376815
0 0.5468036529680365 0.16873706004140787 0.02054794520547945 0.018633540372670808
0 0.4977168949771689 0.1873706004140787 0.0091324200913242 0.010351966873706004
0 0.4965753424657534 0.2215320910973085 0.02511415525114155 0.02484472049689441
0 0.478310502283105 0.2753623188405797 0.02054794520547945 0.020703933747412008
0 0.48630136986301364 0.2525879917184265 0.0182648401826484 0.016563146997929608
0 0.37671232876712324 0.391304347826087 0.0228310502283105 0.028985507246376815
0 0.2363013698630137 0.35714285714285715 0.01598173515981735 0.010351966873706004
0 0.43493150684931503 0.33333333333333337 0.02968036529680365 0.041407867494824016
0 0.523972602739726 0.33850931677018636 0.02968036529680365 0.031055900621118016
0 0.49885844748858443 0.3726708074534162 0.02511415525114155 0.02484472049689441
0 0.5308219178082192 0.3726708074534162 0.02968036529680365 0.02484472049689441
0 0.5627853881278538 0.3612836438923396 0.02054794520547945 0.018633540372670808
0 0.523972602739726 0.4109730848861284 0.01598173515981735 0.014492753623188408
0 0.45662100456621 0.45755693581780543 0.0136986301369863 0.012422360248447206
0 0.5639269406392694 0.4078674948240166 0.0228310502283105 0.020703933747412008
0 0.5844748858447488 0.4254658385093168 0.0228310502283105 0.018633540372670808
0 0.5947488584474886 0.34886128364389235 0.01598173515981735 0.014492753623188408
0 0.6038812785388128 0.37370600414078675 0.01598173515981735 0.014492753623188408
0 0.6141552511415524 0.391304347826087 0.0228310502283105 0.020703933747412008
0 0.6484018264840182 0.36542443064182195 0.0136986301369863 0.014492753623188408
0 0.6198630136986301 0.32608695652173914 0.02511415525114155 0.02277432712215321
0 0.6164383561643836 0.2898550724637681 0.0273972602739726 0.028985507246376815
0 0.6038812785388128 0.2505175983436853 0.02054794520547945 0.020703933747412008
0 0.5662100456621004 0.26915113871635615 0.0273972602739726 0.02484472049689441
0 0.5091324200913242 0.29606625258799174 0.0273972602739726 0.02484472049689441
0 0.5821917808219178 0.2173913043478261 0.0273972602739726 0.02484472049689441
0 0.6095890410958904 0.2008281573498965 0.0228310502283105 0.020703933747412008
0 0.6518264840182648 0.16045548654244307 0.02511415525114155 0.02277432712215321
0 0.6894977168949772 0.18115942028985507 0.0319634703196347 0.026915113871635612
0 0.7248858447488584 0.14906832298136646 0.02968036529680365 0.028985507246376815
0 0.7317351598173516 0.1935817805383023 0.02968036529680365 0.018633540372670808
0 0.6324200913242009 0.11490683229813665 0.0273972602739726 0.031055900621118016
0 0.7134703196347032 0.07763975155279504 0.04337899543378995 0.039337474120082816
0 0.3367579908675799 0.13146997929606627 0.01141552511415525 0.010351966873706004
0 0.5182648401826484 0.08695652173913045 0.0136986301369863 0.012422360248447206
0 0.48972602739726023 0.06728778467908904 0.01598173515981735 0.02277432712215321
0 0.1415525114155251 0.4782608695652174 0.0365296803652968 0.028985507246376815
0 0.7659817351598173 0.458592132505176 0.02054794520547945 0.02277432712215321
0 0.7671232876712328 0.5113871635610766 0.0136986301369863 0.016563146997929608
0 0.682648401826484 0.5144927536231885 0.0228310502283105 0.010351966873706004
0 0.40753424657534243 0.5227743271221532 0.02054794520547945 0.02277432712215321
0 0.41324200913242004 0.5486542443064183 0.0319634703196347 0.028985507246376815
0 0.3824200913242009 0.5859213250517599 0.01598173515981735 0.020703933747412008
0 0.4691780821917808 0.5755693581780539 0.01598173515981735 0.012422360248447206
0 0.5559360730593607 0.5734989648033126 0.02511415525114155 0.02484472049689441
0 0.5399543378995434 0.6024844720496895 0.02511415525114155 0.02484472049689441
0 0.4600456621004566 0.6190476190476191 0.01598173515981735 0.020703933747412008
0 0.4246575342465753 0.6532091097308489 0.0228310502283105 0.018633540372670808
0 0.3972602739726027 0.6780538302277433 0.0319634703196347 0.02277432712215321
0 0.40410958904109584 0.7256728778467909 0.0273972602739726 0.026915113871635612
0 0.4474885844748858 0.7225672877846792 0.0273972602739726 0.033126293995859216
0 0.4920091324200913 0.7142857142857143 0.02511415525114155 0.02484472049689441
0 0.48059360730593603 0.7432712215320911 0.02054794520547945 0.016563146997929608
0 0.5365296803652968 0.6418219461697723 0.0228310502283105 0.02484472049689441
0 0.5764840182648402 0.6335403726708075 0.02511415525114155 0.028985507246376815
0 0.6221461187214612 0.6086956521739131 0.01598173515981735 0.016563146997929608
0 0.5570776255707762 0.5279503105590062 0.0228310502283105 0.020703933747412008
0 0.5901826484018264 0.5434782608695653 0.01598173515981735 0.018633540372670808
0 0.6198630136986301 0.5341614906832298 0.02054794520547945 0.02484472049689441
0 0.6952054794520548 0.6428571428571429 0.02968036529680365 0.031055900621118016
0 0.7648401826484018 0.5848861283643892 0.0273972602739726 0.026915113871635612
0 0.800228310502283 0.5879917184265011 0.02968036529680365 0.033126293995859216
0 0.7636986301369862 0.6325051759834369 0.03424657534246575 0.035196687370600416
0 0.7465753424657534 0.6873706004140787 0.0273972602739726 0.028985507246376815
0 0.7865296803652968 0.6853002070393375 0.02511415525114155 0.02484472049689441
0 0.7271689497716894 0.7277432712215322 0.02511415525114155 0.02277432712215321
0 0.797945205479452 0.756728778467909 0.02054794520547945 0.02277432712215321
0 0.6324200913242009 0.6697722567287785 0.0228310502283105 0.02277432712215321
0 0.5639269406392694 0.6935817805383023 0.0319634703196347 0.028985507246376815
0 0.5422374429223744 0.6884057971014493 0.01141552511415525 0.010351966873706004
0 0.3470319634703196 0.634575569358178 0.0228310502283105 0.02277432712215321
0 0.319634703196347 0.6335403726708075 0.0228310502283105 0.016563146997929608
0 0.3287671232876712 0.6563146997929608 0.0136986301369863 0.012422360248447206
0 0.2808219178082192 0.5993788819875777 0.0136986301369863 0.014492753623188408
0 0.2511415525114155 0.5797101449275363 0.0182648401826484 0.016563146997929608
0 0.2933789954337899 0.5559006211180124 0.02054794520547945 0.02277432712215321
0 0.7865296803652968 0.406832298136646 0.02054794520547945 0.018633540372670808
0 0.7945205479452054 0.4347826086956522 0.0228310502283105 0.02484472049689441
0 0.567351598173516 0.7308488612836439 0.02511415525114155 0.02484472049689441
0 0.5650684931506849 0.7536231884057971 0.02054794520547945 0.020703933747412008
0 0.5319634703196346 0.7401656314699794 0.0319634703196347 0.026915113871635612
0 0.3573059360730593 0.7256728778467909 0.01141552511415525 0.010351966873706004
0 0.3527397260273972 0.7743271221532092 0.02054794520547945 0.020703933747412008
0 0.34018264840182644 0.8436853002070394 0.0273972602739726 0.031055900621118016
0 0.42579908675799083 0.8126293995859214 0.02511415525114155 0.02277432712215321
0 0.44406392694063923 0.8571428571428572 0.02968036529680365 0.028985507246376815
0 0.365296803652968 0.9161490683229815 0.0228310502283105 0.018633540372670808
0 0.4246575342465753 0.8995859213250518 0.0182648401826484 0.02277432712215321
0 0.5662100456621004 0.8416149068322982 0.0319634703196347 0.026915113871635612
0 0.5593607305936072 0.8768115942028986 0.0228310502283105 0.018633540372670808
0 0.639269406392694 0.8519668737060042 0.0319634703196347 0.035196687370600416
0 0.6723744292237442 0.8540372670807455 0.02054794520547945 0.02277432712215321
0 0.728310502283105 0.8840579710144928 0.0273972602739726 0.02484472049689441
0 0.7351598173515981 0.9337474120082816 0.0319634703196347 0.033126293995859216
0 0.7180365296803652 0.9679089026915114 0.02054794520547945 0.018633540372670808
0 0.5981735159817352 0.9699792960662527 0.0273972602739726 0.026915113871635612
0 0.6506849315068493 0.9182194616977226 0.0228310502283105 0.02277432712215321
0 0.6038812785388128 0.9109730848861284 0.02054794520547945 0.02484472049689441
0 0.567351598173516 0.9140786749482402 0.02968036529680365 0.031055900621118016
0 0.5399543378995434 0.9523809523809524 0.01141552511415525 0.012422360248447206
0 0.49543378995433784 0.8933747412008283 0.0319634703196347 0.031055900621118016
0 0.4885844748858447 0.9275362318840581 0.0319634703196347 0.02484472049689441
0 0.5 0.9513457556935818 0.0182648401826484 0.014492753623188408
0 0.4965753424657534 0.9906832298136646 0.02511415525114155 0.014492753623188408
0 0.4280821917808219 0.9596273291925467 0.01598173515981735 0.02277432712215321
0 0.42123287671232873 0.979296066252588 0.02054794520547945 0.016563146997929608
0 0.2865296803652968 0.8571428571428572 0.03424657534246575 0.033126293995859216
0 0.2808219178082192 0.9047619047619049 0.0273972602739726 0.02484472049689441
0 0.3253424657534246 0.9389233954451346 0.01598173515981735 0.018633540372670808
0 0.3253424657534246 0.984472049689441 0.01598173515981735 0.014492753623188408
0 0.26712328767123283 0.9679089026915114 0.0228310502283105 0.018633540372670808
0 0.613013698630137 0.7370600414078675 0.02054794520547945 0.016563146997929608
0 0.634703196347032 0.74120082815735 0.0182648401826484 0.016563146997929608
0 0.6712328767123288 0.7308488612836439 0.0228310502283105 0.020703933747412008
0 0.6700913242009132 0.7660455486542443 0.02054794520547945 0.020703933747412008
0 0.6997716894977168 0.7650103519668737 0.01141552511415525 0.014492753623188408
0 0.7442922374429224 0.767080745341615 0.0273972602739726 0.031055900621118016
0 0.6621004566210045 0.7950310559006212 0.0228310502283105 0.016563146997929608
0 0.7146118721461187 0.8095238095238095 0.0273972602739726 0.02484472049689441
0 0.6232876712328766 0.7805383022774328 0.0228310502283105 0.020703933747412008
0 0.2568493150684931 0.6459627329192547 0.02968036529680365 0.028985507246376815
0 0.2831050228310502 0.7194616977225673 0.0273972602739726 0.02277432712215321
0 0.2568493150684931 0.7753623188405797 0.02511415525114155 0.026915113871635612
0 0.1872146118721461 0.9378881987577641 0.0365296803652968 0.033126293995859216
0 0.07876712328767123 0.9730848861283644 0.02511415525114155 0.02484472049689441
0 0.06164383561643835 0.9265010351966875 0.0228310502283105 0.02277432712215321
0 0.1952054794520548 0.84472049689441 0.03881278538812785 0.033126293995859216
0 0.14383561643835616 0.8623188405797102 0.0273972602739726 0.026915113871635612
0 0.12214611872146118 0.8633540372670808 0.01598173515981735 0.016563146997929608
0 0.1461187214611872 0.7991718426501035 0.0182648401826484 0.016563146997929608
0 0.20319634703196346 0.7163561076604555 0.0319634703196347 0.028985507246376815
0 0.1004566210045662 0.84472049689441 0.0273972602739726 0.028985507246376815
0 0.07648401826484018 0.8416149068322982 0.02054794520547945 0.026915113871635612
0 0.10159817351598173 0.8778467908902692 0.02968036529680365 0.02484472049689441
0 0.06963470319634703 0.891304347826087 0.02968036529680365 0.026915113871635612
0 0.012557077625570776 0.9285714285714286 0.02511415525114155 0.02277432712215321
0 0.0091324200913242 0.886128364389234 0.0182648401826484 0.016563146997929608
0 0.0547945205479452 0.7991718426501035 0.0228310502283105 0.028985507246376815
0 0.017123287671232876 0.8074534161490684 0.01598173515981735 0.016563146997929608
0 0.005707762557077625 0.7608695652173914 0.01141552511415525 0.031055900621118016
0 0.05365296803652968 0.74120082815735 0.02054794520547945 0.02484472049689441
0 0.09931506849315068 0.7432712215320911 0.02968036529680365 0.033126293995859216
0 0.0776255707762557 0.7732919254658386 0.0136986301369863 0.010351966873706004
0 0.05365296803652968 0.6677018633540374 0.02054794520547945 0.02277432712215321
0 0.10159817351598173 0.6718426501035197 0.02054794520547945 0.026915113871635612
0 0.14269406392694062 0.6904761904761906 0.02968036529680365 0.031055900621118016
0 0.136986301369863 0.6583850931677019 0.0182648401826484 0.020703933747412008
0 0.1780821917808219 0.6666666666666667 0.0136986301369863 0.016563146997929608
0 0.1735159817351598 0.6376811594202899 0.0228310502283105 0.020703933747412008
0 0.20205479452054792 0.6180124223602484 0.01598173515981735 0.018633540372670808
0 0.12899543378995432 0.5973084886128365 0.02054794520547945 0.018633540372670808
0 0.08333333333333333 0.5610766045548654 0.02511415525114155 0.02484472049689441
0 0.1324200913242009 0.5652173913043479 0.0319634703196347 0.028985507246376815
0 0.0319634703196347 0.45238095238095244 0.0136986301369863 0.014492753623188408
0 0.005707762557077625 0.4265010351966874 0.01141552511415525 0.012422360248447206
0 0.1187214611872146 0.3830227743271222 0.0273972602739726 0.06625258799171843
0 0.0593607305936073 0.33540372670807456 0.0136986301369863 0.012422360248447206
0 0.012557077625570776 0.2670807453416149 0.02511415525114155 0.020703933747412008
0 0.021689497716894976 0.2225672877846791 0.03424657534246575 0.031055900621118016
0 0.09360730593607305 0.1904761904761905 0.0365296803652968 0.033126293995859216
0 0.10844748858447488 0.22877846790890272 0.02968036529680365 0.031055900621118016
0 0.05593607305936073 0.15838509316770188 0.02511415525114155 0.02277432712215321
0 0.0182648401826484 0.17184265010351968 0.0182648401826484 0.016563146997929608
0 0.0867579908675799 0.11180124223602485 0.0228310502283105 0.016563146997929608
0 0.13013698630136986 0.07971014492753624 0.0273972602739726 0.026915113871635612
0 0.08904109589041095 0.06728778467908904 0.0136986301369863 0.014492753623188408
0 0.03995433789954338 0.06107660455486543 0.02054794520547945 0.026915113871635612
0 0.1232876712328767 0.031055900621118016 0.0228310502283105 0.016563146997929608
0 0.1769406392694064 0.028985507246376815 0.02511415525114155 0.02484472049689441
0 0.07077625570776255 0.007246376811594204 0.0365296803652968 0.014492753623188408
0 0.0319634703196347 0.009316770186335404 0.0182648401826484 0.018633540372670808
0 0.25 0.06418219461697723 0.02511415525114155 0.02484472049689441
0 0.2933789954337899 0.025879917184265012 0.03424657534246575 0.031055900621118016
0 0.3538812785388128 0.009316770186335404 0.0319634703196347 0.018633540372670808
0 0.4337899543378995 0.02277432712215321 0.0273972602739726 0.02484472049689441
0 0.45890410958904104 0.055900621118012424 0.0228310502283105 0.020703933747412008
0 0.5114155251141552 0.037267080745341616 0.0228310502283105 0.02484472049689441
0 0.5856164383561644 0.040372670807453416 0.02511415525114155 0.02277432712215321
0 0.5593607305936072 0.02484472049689441 0.0182648401826484 0.016563146997929608
0 0.2910958904109589 0.07246376811594203 0.02054794520547945 0.020703933747412008
0 0.6803652968036529 0.02173913043478261 0.0273972602739726 0.026915113871635612
0 0.6335616438356164 0.037267080745341616 0.02054794520547945 0.02484472049689441
0 0.6426940639269406 0.007246376811594204 0.02054794520547945 0.014492753623188408
0 0.795662100456621 0.010351966873706004 0.02054794520547945 0.016563146997929608
0 0.7237442922374429 0.011387163561076606 0.0273972602739726 0.02277432712215321
0 0.7465753424657534 0.053830227743271224 0.0273972602739726 0.02484472049689441
0 0.8093607305936072 0.054865424430641824 0.03424657534246575 0.035196687370600416
0 0.8150684931506849 0.09834368530020704 0.0273972602739726 0.026915113871635612
0 0.8618721461187214 0.07556935817805384 0.02968036529680365 0.031055900621118016
0 0.889269406392694 0.10351966873706005 0.03424657534246575 0.02484472049689441
0 0.9429223744292237 0.011387163561076606 0.0319634703196347 0.02277432712215321
0 0.8264840182648401 0.16666666666666669 0.0228310502283105 0.026915113871635612
0 0.8561643835616438 0.1780538302277433 0.0182648401826484 0.02484472049689441
0 0.8812785388127853 0.16666666666666669 0.0182648401826484 0.018633540372670808
0 0.8847031963470319 0.2070393374741201 0.02054794520547945 0.020703933747412008
0 0.9223744292237442 0.2132505175983437 0.0182648401826484 0.02484472049689441
0 0.8630136986301369 0.2505175983436853 0.0182648401826484 0.020703933747412008
0 0.8013698630136986 0.2815734989648033 0.0319634703196347 0.028985507246376815
0 0.7831050228310502 0.32091097308488614 0.0273972602739726 0.02484472049689441
0 0.8767123287671232 0.28778467908902694 0.0182648401826484 0.016563146997929608
0 0.867579908675799 0.32401656314699795 0.0319634703196347 0.026915113871635612
0 0.8276255707762556 0.35403726708074534 0.01598173515981735 0.016563146997929608
0 0.9178082191780821 0.35403726708074534 0.0182648401826484 0.020703933747412008
0 0.9463470319634703 0.36853002070393376 0.02054794520547945 0.028985507246376815
0 0.9098173515981735 0.24120082815734992 0.02968036529680365 0.031055900621118016
0 0.910958904109589 0.27743271221532095 0.0136986301369863 0.012422360248447206
0 0.9748858447488584 0.1739130434782609 0.0182648401826484 0.020703933747412008
0 0.9554794520547945 0.05797101449275363 0.01598173515981735 0.020703933747412008
0 0.978310502283105 0.10144927536231885 0.02054794520547945 0.020703933747412008
0 0.9851598173515981 0.12939958592132506 0.01141552511415525 0.014492753623188408
0 0.9680365296803652 0.23188405797101452 0.0182648401826484 0.020703933747412008
0 0.9920091324200913 0.2308488612836439 0.01141552511415525 0.02277432712215321
0 0.9874429223744292 0.34161490683229817 0.02054794520547945 0.028985507246376815
0 0.9908675799086757 0.4296066252587992 0.0136986301369863 0.031055900621118016
0 0.9794520547945205 0.3778467908902692 0.0182648401826484 0.018633540372670808
0 0.8515981735159817 0.44824016563147 0.0228310502283105 0.02277432712215321
0 0.9600456621004566 0.4513457556935818 0.02511415525114155 0.028985507246376815
0 0.9452054794520548 0.4710144927536232 0.0228310502283105 0.02277432712215321
0 0.9006849315068493 0.479296066252588 0.02054794520547945 0.026915113871635612
0 0.9337899543378995 0.49689440993788825 0.0182648401826484 0.012422360248447206
0 0.9257990867579908 0.5196687370600415 0.03424657534246575 0.028985507246376815
0 0.8310502283105022 0.4875776397515528 0.0182648401826484 0.014492753623188408
0 0.8356164383561644 0.505175983436853 0.0228310502283105 0.02484472049689441
0 0.7968036529680365 0.5279503105590062 0.0136986301369863 0.012422360248447206
0 0.9292237442922374 0.5600414078674949 0.0136986301369863 0.014492753623188408
0 0.8390410958904109 0.5797101449275363 0.01598173515981735 0.016563146997929608
0 0.8926940639269406 0.572463768115942 0.0319634703196347 0.026915113871635612
0 0.891552511415525 0.6149068322981367 0.02054794520547945 0.020703933747412008
0 0.9874429223744292 0.6449275362318841 0.02054794520547945 0.026915113871635612
0 0.9726027397260273 0.6904761904761906 0.0319634703196347 0.031055900621118016
0 0.9703196347031963 0.7277432712215322 0.0319634703196347 0.02277432712215321
0 0.9703196347031963 0.7536231884057971 0.0365296803652968 0.02484472049689441
0 0.865296803652968 0.6656314699792961 0.0136986301369863 0.014492753623188408
0 0.8847031963470319 0.6853002070393375 0.02054794520547945 0.020703933747412008
0 0.8481735159817351 0.7091097308488613 0.03424657534246575 0.031055900621118016
0 0.9075342465753424 0.7391304347826088 0.02511415525114155 0.02484472049689441
0 0.9166666666666666 0.782608695652174 0.02054794520547945 0.020703933747412008
0 0.9531963470319634 0.824016563146998 0.03881278538812785 0.037267080745341616
0 0.8321917808219178 0.772256728778468 0.02511415525114155 0.02484472049689441
0 0.8710045662100456 0.777432712215321 0.02968036529680365 0.026915113871635612
0 0.9680365296803652 0.5310559006211181 0.0136986301369863 0.014492753623188408
0 0.8390410958904109 0.8954451345755694 0.02054794520547945 0.02277432712215321
0 0.9223744292237442 0.9151138716356109 0.0273972602739726 0.02484472049689441
0 0.8641552511415524 0.9265010351966875 0.02054794520547945 0.018633540372670808
0 0.9509132420091324 0.9523809523809524 0.02054794520547945 0.016563146997929608
0 0.9098173515981735 0.9679089026915114 0.03424657534246575 0.035196687370600416
0 0.9531963470319634 0.9927536231884059 0.01598173515981735 0.010351966873706004
0 0.5776255707762556 0.9482401656314701 0.0091324200913242 0.012422360248447206
0 0.17922374429223742 0.44927536231884063 0.02968036529680365 0.033126293995859216
0 0.09246575342465753 0.3146997929606625 0.02054794520547945 0.020703933747412008
0 0.19863013698630136 0.0031055900621118015 0.0228310502283105 0.006211180124223603
0 0.23858447488584472 0.0031055900621118015 0.02511415525114155 0.006211180124223603
0 0.502283105022831 0.006211180124223603 0.0182648401826484 0.012422360248447206
0 0.5490867579908676 0.004140786749482402 0.02511415525114155 0.008281573498964804
