0 0.5305010893246188 0.12662721893491125 0.028322440087145972 0.014201183431952664
0 0.6655773420479304 0.19112426035502958 0.032679738562091505 0.020118343195266272
0 0.3159041394335512 0.12248520710059171 0.03050108932461874 0.022485207100591716
0 0.3845315904139434 0.1349112426035503 0.04139433551198257 0.023668639053254437
0 0.25490196078431376 0.09171597633136094 0.04357298474945534 0.02485207100591716
0 0.04139433551198257 0.08165680473372781 0.052287581699346414 0.028402366863905328
0 0.06427015250544663 0.17041420118343195 0.06318082788671024 0.03550295857988166
0 0.013071895424836603 0.14201183431952663 0.026143790849673207 0.021301775147928994
0 0.32026143790849676 0.18224852071005918 0.06535947712418301 0.03550295857988166
0 0.4139433551198258 0.18224852071005918 0.052287581699346414 0.03076923076923077
0 0.5806100217864925 0.25680473372781065 0.04575163398692811 0.028402366863905328
0 0.6710239651416122 0.3076923076923077 0.034858387799564274 0.021301775147928994
0 0.1579520697167756 0.24319526627218935 0.04575163398692811 0.027218934911242602
0 0.016339869281045753 0.2408284023668639 0.032679738562091505 0.02958579881656805
0 0.3257080610021787 0.285207100591716 0.07189542483660132 0.04260355029585799
0 0.42156862745098045 0.29526627218934914 0.04139433551198257 0.02485207100591716
0 0.016339869281045753 0.30591715976331363 0.032679738562091505 0.020118343195266272
0 0.09803921568627452 0.3562130177514793 0.04793028322440088 0.028402366863905328
0 0.22875816993464054 0.36153846153846153 0.04357298474945534 0.02485207100591716
0 0.24727668845315906 0.3272189349112426 0.06318082788671024 0.03195266272189349
0 0.369281045751634 0.4029585798816568 0.050108932461873645 0.036686390532544376
0 0.49782135076252726 0.4366863905325444 0.032679738562091505 0.023668639053254437
0 0.7233115468409587 0.3514792899408284 0.04357298474945534 0.02603550295857988
0 0.8115468409586057 0.3810650887573965 0.04575163398692811 0.02603550295857988
0 0.7483660130718955 0.3881656804733728 0.032679738562091505 0.01893491124260355
0 0.7701525054466232 0.427810650887574 0.050108932461873645 0.02485207100591716
0 0.8474945533769064 0.41301775147928993 0.04357298474945534 0.021301775147928994
0 0.9455337690631809 0.4940828402366864 0.04793028322440088 0.027218934911242602
0 0.6045751633986929 0.47633136094674555 0.06753812636165578 0.03195266272189349
0 0.8420479302832244 0.506508875739645 0.032679738562091505 0.021301775147928994
0 0.8333333333333334 0.5390532544378698 0.03703703703703704 0.020118343195266272
0 0.4455337690631809 0.49467455621301776 0.07189542483660132 0.0378698224852071
0 0.01198257080610022 0.457396449704142 0.02396514161220044 0.020118343195266272
0 0.079520697167756 0.542603550295858 0.05882352941176471 0.03431952662721893
0 0.35511982570806105 0.5520710059171597 0.03050108932461874 0.020118343195266272
0 0.2178649237472767 0.5455621301775148 0.04793028322440088 0.02603550295857988
0 0.4945533769063181 0.591715976331361 0.06535947712418301 0.033136094674556214
0 0.528322440087146 0.5479289940828402 0.032679738562091505 0.021301775147928994
0 0.14923747276688454 0.6254437869822486 0.019607843137254905 0.01301775147928994
0 0.008714596949891068 0.6431952662721894 0.017429193899782137 0.01301775147928994
0 0.22875816993464054 0.6313609467455621 0.03050108932461874 0.015384615384615385
0 0.3474945533769064 0.6029585798816568 0.054466230936819175 0.03195266272189349
0 0.4433551198257081 0.6473372781065089 0.05882352941176471 0.033136094674556214
0 0.607843137254902 0.6189349112426036 0.04357298474945534 0.02603550295857988
0 0.3387799564270153 0.7195266272189349 0.05882352941176471 0.033136094674556214
0 0.2657952069716776 0.6532544378698225 0.04793028322440088 0.023668639053254437
0 0.5631808278867103 0.6804733727810651 0.07189542483660132 0.03550295857988166
0 0.7745098039215687 0.6781065088757396 0.06753812636165578 0.04497041420118343
0 0.8921568627450981 0.6502958579881657 0.05882352941176471 0.027218934911242602
0 0.9357298474945535 0.7023668639053254 0.02396514161220044 0.01775147928994083
0 0.5675381263616558 0.7520710059171598 0.06318082788671024 0.02958579881656805
0 0.673202614379085 0.8041420118343195 0.03921568627450981 0.022485207100591716
0 0.08387799564270153 0.7337278106508875 0.050108932461873645 0.028402366863905328
0 0.2930283224400872 0.8183431952662722 0.03703703703703704 0.020118343195266272
0 0.2189542483660131 0.7875739644970414 0.032679738562091505 0.015384615384615385
0 0.5457516339869282 0.8467455621301775 0.032679738562091505 0.020118343195266272
0 0.8017429193899783 0.829585798816568 0.026143790849673207 0.016568047337278107
0 0.9106753812636167 0.8846153846153846 0.04793028322440088 0.02485207100591716
0 0.8169934640522877 0.8952662721893492 0.03050108932461874 0.01775147928994083
0 0.7679738562091504 0.8745562130177514 0.03703703703703704 0.021301775147928994
0 0.7167755991285404 0.9112426035502958 0.06100217864923748 0.03076923076923077
0 0.6503267973856209 0.9224852071005917 0.06318082788671024 0.03431952662721893
0 0.4172113289760349 0.8982248520710059 0.06753812636165578 0.033136094674556214
0 0.1579520697167756 0.8840236686390532 0.06318082788671024 0.033136094674556214
0 0.079520697167756 0.9372781065088758 0.04575163398692811 0.023668639053254437
0 0.2113289760348584 0.936094674556213 0.03050108932461874 0.01893491124260355
0 0.3169934640522876 0.9668639053254438 0.050108932461873645 0.028402366863905328
0 0.4052287581699347 0.9431952662721894 0.06971677559912855 0.0378698224852071
0 0.5359477124183007 0.9266272189349113 0.026143790849673207 0.016568047337278107
0 0.016339869281045753 0.05088757396449704 0.032679738562091505 0.021301775147928994
