0 0.054816 0.038662 0.043853 0.064786
0 0.137040 0.018809 0.039154 0.035528
0 0.105717 0.053292 0.018794 0.025078
0 0.046594 0.156740 0.022709 0.031348
0 0.050509 0.203239 0.021143 0.030303
0 0.137040 0.260711 0.034456 0.049112
0 0.202036 0.262278 0.032890 0.039707
0 0.122553 0.358934 0.032106 0.038662
0 0.113156 0.434692 0.028974 0.037618
0 0.064996 0.403344 0.040720 0.054336
0 0.019186 0.414838 0.033673 0.043887
0 0.134691 0.516196 0.039154 0.054336
0 0.081049 0.611285 0.074393 0.096134
0 0.012921 0.721526 0.024276 0.049112
0 0.214565 0.654127 0.028191 0.037618
0 0.245497 0.638454 0.025842 0.031348
0 0.277995 0.630617 0.021926 0.030303
0 0.315975 0.587252 0.043070 0.054336
0 0.340642 0.691745 0.015662 0.020899
0 0.364135 0.727795 0.026625 0.036573
0 0.291699 0.542320 0.032106 0.041797
0 0.253328 0.512017 0.032106 0.048067
0 0.322631 0.447231 0.029757 0.041797
0 0.375489 0.425287 0.033673 0.039707
0 0.487471 0.491641 0.044636 0.057471
0 0.510572 0.579937 0.032890 0.043887
0 0.441660 0.662487 0.064213 0.087774
0 0.556382 0.652560 0.033673 0.044932
0 0.612373 0.608673 0.037588 0.053292
0 0.572044 0.745559 0.052467 0.080460
0 0.557165 0.845350 0.024276 0.035528
0 0.632733 0.820794 0.045419 0.063741
0 0.698904 0.823929 0.039937 0.055381
0 0.731010 0.926855 0.043070 0.060606
0 0.811668 0.880355 0.039937 0.051202
0 0.908771 0.881400 0.032106 0.047022
0 0.934612 0.738245 0.046202 0.057471
0 0.990995 0.692268 0.016445 0.047022
0 0.887627 0.634274 0.044636 0.073145
0 0.824197 0.585162 0.018011 0.025078
0 0.795223 0.624347 0.038371 0.049112
0 0.761551 0.710554 0.046202 0.062696
0 0.721222 0.587252 0.028191 0.039707
0 0.470634 0.896552 0.021926 0.029258
0 0.339468 0.809300 0.032106 0.042842
0 0.314017 0.849530 0.032890 0.041797
0 0.297572 0.928422 0.043853 0.057471
0 0.289350 0.981714 0.038371 0.034483
0 0.233751 0.838036 0.027408 0.033438
0 0.186766 0.853187 0.038371 0.044932
0 0.176194 0.918495 0.018794 0.027168
0 0.611590 0.411181 0.023493 0.030303
0 0.669146 0.409091 0.047768 0.059561
0 0.682850 0.501567 0.018794 0.025078
0 0.790525 0.490596 0.033673 0.049112
0 0.795223 0.415883 0.033673 0.048067
0 0.934221 0.505747 0.036022 0.048067
0 0.875489 0.297283 0.023493 0.034483
0 0.947533 0.228840 0.036022 0.050157
0 0.986296 0.198537 0.025842 0.060606
0 0.977682 0.070533 0.043070 0.059561
0 0.904855 0.186520 0.016445 0.021944
0 0.875489 0.090909 0.028191 0.033438
0 0.777212 0.147858 0.049334 0.070010
0 0.783868 0.027168 0.034456 0.045977
0 0.741582 0.013584 0.031323 0.025078
0 0.612764 0.055381 0.046202 0.083595
0 0.526625 0.006270 0.030540 0.010449
0 0.441660 0.014629 0.053250 0.027168
0 0.460063 0.095089 0.024276 0.033438
0 0.378230 0.175549 0.036022 0.050157
0 0.453406 0.259143 0.040720 0.054336
0 0.387627 0.295193 0.032890 0.047022
0 0.548551 0.223615 0.041504 0.058516
0 0.558731 0.167189 0.013312 0.014629
0 0.624119 0.246604 0.023493 0.031348
0 0.517228 0.398642 0.033673 0.067921
0 0.424041 0.882445 0.016445 0.021944
0 0.036805 0.893417 0.043853 0.068966
0 0.007439 0.946186 0.013312 0.021944
0 0.002741 0.457680 0.003915 0.037618
0 0.373140 0.991118 0.038371 0.017764
0 0.687549 0.992685 0.042287 0.012539
