0 0.1711229946524064 0.7590497737556562 0.0855614973262032 0.10633484162895929
0 0.3529411764705882 0.8201357466063349 0.0748663101604278 0.10180995475113123
0 0.6452762923351159 0.4570135746606335 0.0606060606060606 0.0995475113122172
0 0.2834224598930481 0.2816742081447964 0.0677361853832442 0.07918552036199096
0 0.3966131907308378 0.5995475113122173 0.062388591800356503 0.08144796380090498
0 0.6746880570409982 0.6402714932126697 0.0730837789661319 0.0904977375565611
0 0.20944741532976827 0.6289592760180996 0.0730837789661319 0.0904977375565611
0 0.22727272727272727 0.46606334841628966 0.044563279857397504 0.0497737556561086
0 0.06327985739750445 0.46153846153846156 0.06951871657754011 0.08144796380090498
0 0.11497326203208555 0.1979638009049774 0.08021390374331551 0.09728506787330318
0 0.049910873440285206 0.8427601809954752 0.071301247771836 0.07918552036199096
0 0.49019607843137253 0.4468325791855204 0.0784313725490196 0.09276018099547512
0 0.6577540106951871 0.3416289592760181 0.0641711229946524 0.08144796380090498
0 0.5641711229946523 0.20135746606334842 0.058823529411764705 0.07239819004524888
0 0.25044563279857396 0.09162895927601811 0.062388591800356503 0.07918552036199096
0 0.49910873440285203 0.8619909502262444 0.0641711229946524 0.08597285067873305
0 0.47326203208556145 0.6221719457013575 0.062388591800356503 0.0904977375565611
0 0.40998217468805703 0.082579185520362 0.0606060606060606 0.08371040723981901
0 0.44474153297682706 0.330316742081448 0.0481283422459893 0.06334841628959277
0 0.21657754010695185 0.3812217194570136 0.062388591800356503 0.08371040723981901
0 0.3458110516934046 0.24095022624434392 0.0641711229946524 0.08823529411764706
0 0.4563279857397504 0.745475113122172 0.0748663101604278 0.09728506787330318
0 0.6987522281639929 0.09615384615384616 0.071301247771836 0.09728506787330318
0 0.4402852049910873 0.16628959276018102 0.0606060606060606 0.08823529411764706
0 0.9028520499108734 0.14932126696832582 0.08021390374331551 0.0995475113122172
0 0.6773618538324421 0.21945701357466066 0.0641711229946524 0.08144796380090498
0 0.6497326203208555 0.7500000000000001 0.058823529411764705 0.07466063348416291
0 0.5561497326203209 0.657239819004525 0.0641711229946524 0.09728506787330318
0 0.9670231729055258 0.573529411764706 0.062388591800356503 0.11085972850678734
0 0.8288770053475936 0.08823529411764706 0.0748663101604278 0.08597285067873305
0 0.85650623885918 0.022624434389140274 0.0837789661319073 0.04524886877828055
0 0.5115864527629234 0.22850678733031676 0.0392156862745098 0.05882352941176471
0 0.5606060606060606 0.29524886877828055 0.0481283422459893 0.06108597285067874
0 0.33065953654188945 0.08710407239819005 0.06951871657754011 0.10180995475113123
0 0.1319073083778966 0.8416289592760182 0.0570409982174688 0.08144796380090498
0 0.8253119429590018 0.9377828054298644 0.071301247771836 0.09276018099547512
0 0.7504456327985739 0.7658371040723982 0.049910873440285206 0.07013574660633484
0 0.8645276292335116 0.22058823529411767 0.053475935828877004 0.07013574660633484
0 0.9046345811051693 0.7194570135746607 0.044563279857397504 0.05882352941176471
0 0.2834224598930481 0.8371040723981901 0.0427807486631016 0.06334841628959277
0 0.2566844919786096 0.9558823529411765 0.0427807486631016 0.056561085972850686
0 0.2156862745098039 0.9196832579185521 0.0606060606060606 0.08371040723981901
0 0.026737967914438502 0.6855203619909502 0.049910873440285206 0.07692307692307693
0 0.5837789661319073 0.45927601809954754 0.0552584670231729 0.0995475113122172
0 0.5303030303030303 0.12443438914027151 0.0338680926916221 0.04524886877828055
0 0.7272727272727272 0.9592760180995475 0.0855614973262032 0.07692307692307693
