0 0.125786 0.036965 0.053459 0.070039
0 0.234277 0.033074 0.050314 0.062257
0 0.048742 0.282101 0.059748 0.077821
0 0.069969 0.116732 0.029874 0.046693
0 0.170597 0.169261 0.033019 0.038911
0 0.145440 0.538911 0.042453 0.050584
0 0.261792 0.527237 0.045597 0.054475
0 0.129717 0.787938 0.045597 0.062257
0 0.058962 0.963035 0.061321 0.073930
0 0.267296 0.901751 0.069182 0.087549
0 0.297956 0.769455 0.073899 0.099222
0 0.505503 0.824903 0.042453 0.054475
0 0.516509 0.734436 0.042453 0.052529
0 0.514937 0.669261 0.039308 0.050584
0 0.626572 0.761673 0.048742 0.060311
0 0.563679 0.924125 0.045597 0.054475
0 0.448899 0.567121 0.105346 0.130350
0 0.455189 0.396887 0.036164 0.050584
0 0.185535 0.680934 0.037736 0.046693
0 0.535377 0.462062 0.039308 0.052529
0 0.570755 0.404669 0.047170 0.054475
0 0.448899 0.238327 0.077044 0.095331
0 0.354560 0.026265 0.036164 0.048638
0 0.477201 0.064202 0.055031 0.066148
0 0.529088 0.107004 0.036164 0.050584
0 0.616352 0.333658 0.031447 0.044747
0 0.623428 0.164397 0.023585 0.036965
0 0.663522 0.307393 0.037736 0.042802
0 0.746069 0.248054 0.039308 0.052529
0 0.687893 0.074903 0.036164 0.044747
0 0.711478 0.022374 0.042453 0.040856
0 0.885220 0.024319 0.053459 0.044747
0 0.826258 0.072957 0.033019 0.040856
0 0.926887 0.092412 0.026730 0.033074
0 0.972484 0.061284 0.023585 0.029183
0 0.901730 0.233463 0.039308 0.058366
0 0.838836 0.272374 0.036164 0.050584
0 0.839623 0.375486 0.040881 0.050584
0 0.735849 0.437743 0.053459 0.062257
0 0.846698 0.552529 0.029874 0.038911
0 0.941038 0.501946 0.042453 0.050584
0 0.901730 0.623541 0.026730 0.033074
0 0.863208 0.679961 0.050314 0.068093
0 0.964623 0.708171 0.061321 0.073930
0 0.978774 0.802529 0.039308 0.060311
0 0.927673 0.951362 0.034591 0.046693
0 0.884434 0.758755 0.036164 0.035019
0 0.720912 0.704280 0.033019 0.038911
0 0.435535 0.759728 0.018868 0.029183
0 0.290881 0.985409 0.037736 0.029183
