0 0.158922 0.243333 0.055762 0.057778
0 0.039498 0.711667 0.045539 0.058889
0 0.470725 0.404444 0.052974 0.075556
0 0.282528 0.318333 0.053903 0.063333
0 0.100372 0.566111 0.040892 0.056667
0 0.345260 0.648889 0.038104 0.046667
0 0.376394 0.615556 0.046468 0.060000
0 0.387546 0.503889 0.046468 0.052222
0 0.123141 0.122778 0.041822 0.054444
0 0.078532 0.095000 0.043680 0.056667
0 0.039033 0.353333 0.050186 0.060000
0 0.793680 0.157222 0.053903 0.070000
0 0.157063 0.371111 0.053903 0.071111
0 0.024164 0.221667 0.046468 0.058889
0 0.078996 0.246667 0.029740 0.040000
0 0.672398 0.122222 0.060409 0.060000
0 0.306227 0.023889 0.039963 0.045556
0 0.133364 0.756667 0.041822 0.055556
0 0.105483 0.453333 0.051115 0.055556
0 0.101766 0.646111 0.038104 0.041111
0 0.516264 0.072778 0.039963 0.052222
0 0.537175 0.015000 0.033457 0.027778
0 0.505112 0.006667 0.028810 0.011111
0 0.559015 0.066667 0.039963 0.051111
0 0.297862 0.200000 0.038104 0.048889
0 0.449349 0.182222 0.043680 0.051111
0 0.302974 0.498889 0.039033 0.048889
0 0.479554 0.291667 0.046468 0.056667
0 0.266264 0.620556 0.032528 0.038889
0 0.587361 0.310000 0.046468 0.060000
0 0.201673 0.738889 0.050186 0.060000
0 0.735595 0.031111 0.049257 0.060000
0 0.230019 0.487222 0.039963 0.047778
0 0.159387 0.868889 0.039963 0.055556
0 0.112918 0.896111 0.045539 0.054444
0 0.605019 0.173889 0.037175 0.043333
0 0.875000 0.105556 0.049257 0.066667
0 0.943309 0.135000 0.048327 0.056667
0 0.348513 0.742778 0.050186 0.058889
0 0.318773 0.578889 0.037175 0.044444
0 0.541357 0.462778 0.049257 0.056667
0 0.726766 0.288889 0.048327 0.057778
0 0.729089 0.415000 0.043680 0.056667
0 0.709572 0.455000 0.032528 0.038889
0 0.586896 0.695556 0.047398 0.060000
0 0.686803 0.533333 0.044610 0.048889
0 0.567379 0.568889 0.047398 0.055556
0 0.218866 0.301111 0.023234 0.028889
0 0.593866 0.531667 0.039033 0.045556
0 0.588290 0.458333 0.037175 0.038889
0 0.648234 0.272778 0.028810 0.034444
0 0.824814 0.475000 0.054833 0.056667
0 0.859665 0.330000 0.040892 0.048889
0 0.928439 0.368333 0.042751 0.052222
0 0.497212 0.709444 0.046468 0.054444
0 0.251859 0.832222 0.050186 0.062222
0 0.328996 0.890000 0.050186 0.060000
0 0.505576 0.855556 0.037175 0.051111
0 0.738383 0.566111 0.043680 0.056667
0 0.856413 0.713889 0.052974 0.063333
0 0.526487 0.947778 0.052974 0.062222
0 0.442379 0.968889 0.042751 0.060000
0 0.388476 0.977222 0.042751 0.043333
0 0.170074 0.958333 0.026022 0.030000
0 0.212361 0.950000 0.026952 0.035556
0 0.333178 0.378889 0.026952 0.033333
0 0.968401 0.245556 0.042751 0.060000
0 0.274628 0.678333 0.028810 0.032222
0 0.411245 0.746667 0.041822 0.051111
0 0.305297 0.782778 0.030669 0.036667
0 0.431691 0.798333 0.038104 0.045556
0 0.590613 0.818889 0.039963 0.051111
0 0.601301 0.946111 0.035316 0.045556
0 0.789963 0.622778 0.035316 0.043333
0 0.738848 0.784444 0.042751 0.048889
0 0.658457 0.812778 0.038104 0.047778
0 0.819703 0.280000 0.031599 0.040000
0 0.682156 0.913889 0.035316 0.043333
0 0.798792 0.830556 0.043680 0.052222
0 0.734665 0.875000 0.041822 0.045556
0 0.829461 0.816667 0.026952 0.046667
0 0.884758 0.532222 0.035316 0.037778
0 0.858736 0.635000 0.042751 0.045556
0 0.838290 0.583333 0.035316 0.044444
0 0.837361 0.911111 0.046468 0.055556
0 0.929833 0.795556 0.058550 0.068889
0 0.968401 0.708333 0.037175 0.052222
0 0.937268 0.537222 0.032528 0.041111
0 0.895911 0.457778 0.040892 0.048889
0 0.905204 0.987778 0.055762 0.022222
0 0.973513 0.560000 0.032528 0.042222
0 0.800186 0.113333 0.020446 0.026667
0 0.740242 0.207222 0.019517 0.025556
0 0.008829 0.987778 0.015799 0.022222
0 0.067379 0.776667 0.026952 0.031111
0 0.774164 0.516111 0.029740 0.030000
0 0.158922 0.657778 0.029740 0.040000
