0 0.072864 0.089539 0.072027 0.086879
0 0.211893 0.046099 0.041876 0.039007
0 0.225293 0.118794 0.045226 0.042553
0 0.361809 0.129433 0.046901 0.049645
0 0.416248 0.124113 0.055276 0.049645
0 0.469012 0.106383 0.056951 0.056738
0 0.340034 0.056738 0.046901 0.042553
0 0.205193 0.189716 0.058626 0.063830
0 0.293970 0.223404 0.041876 0.039007
0 0.206030 0.324468 0.043551 0.028369
0 0.103853 0.308511 0.040201 0.042553
0 0.049414 0.352837 0.045226 0.046099
0 0.153266 0.379433 0.055276 0.056738
0 0.243719 0.375000 0.058626 0.062057
0 0.071189 0.437943 0.048576 0.049645
0 0.011725 0.429965 0.020101 0.033688
0 0.322446 0.394504 0.048576 0.037234
0 0.411223 0.365248 0.051926 0.042553
0 0.508375 0.378546 0.061977 0.069149
0 0.590452 0.421986 0.065327 0.046099
0 0.657454 0.390957 0.045226 0.044326
0 0.585427 0.121454 0.045226 0.047872
0 0.564489 0.164007 0.056951 0.051418
0 0.464824 0.186170 0.048576 0.053191
0 0.556114 0.242021 0.050251 0.044326
0 0.701843 0.234929 0.046901 0.058511
0 0.733668 0.031028 0.083752 0.058511
0 0.889447 0.125887 0.050251 0.060284
0 0.928811 0.055851 0.048576 0.044326
0 0.929648 0.181738 0.050251 0.047872
0 0.886935 0.240248 0.055276 0.065603
0 0.801508 0.253546 0.051926 0.060284
0 0.829146 0.333333 0.040201 0.046099
0 0.768007 0.371454 0.055276 0.058511
0 0.917923 0.418440 0.033501 0.031915
0 0.773032 0.496454 0.051926 0.060284
0 0.826633 0.418440 0.011725 0.017730
0 0.857621 0.387411 0.013400 0.015957
0 0.875209 0.482270 0.021776 0.028369
0 0.787270 0.584220 0.046901 0.040780
0 0.847571 0.624113 0.050251 0.049645
0 0.942211 0.804078 0.028476 0.033688
0 0.813233 0.750887 0.048576 0.054965
0 0.786432 0.817376 0.045226 0.049645
0 0.735343 0.632979 0.030151 0.031915
0 0.667504 0.647163 0.051926 0.056738
0 0.675042 0.791667 0.063652 0.065603
0 0.529313 0.674645 0.046901 0.044326
0 0.629816 0.703901 0.026801 0.031915
0 0.648241 0.478723 0.050251 0.053191
0 0.557789 0.492908 0.036851 0.035461
0 0.553601 0.524823 0.031826 0.031915
0 0.384422 0.476950 0.068677 0.060284
0 0.453099 0.511525 0.048576 0.047872
0 0.472362 0.593085 0.043551 0.051418
0 0.388610 0.628546 0.056951 0.044326
0 0.338358 0.679965 0.067002 0.069149
0 0.298995 0.584220 0.051926 0.047872
0 0.135678 0.587766 0.036851 0.044326
0 0.232831 0.614362 0.043551 0.037234
0 0.086265 0.660461 0.031826 0.037234
0 0.030988 0.737589 0.048576 0.046099
0 0.041876 0.839539 0.050251 0.051418
0 0.250419 0.692376 0.035176 0.037234
0 0.277219 0.807624 0.048576 0.047872
0 0.339196 0.820922 0.028476 0.031915
0 0.433836 0.775709 0.050251 0.040780
0 0.429648 0.841312 0.051926 0.051418
0 0.551926 0.796986 0.051926 0.047872
0 0.574539 0.880319 0.053601 0.047872
0 0.359296 0.934397 0.048576 0.060284
0 0.140704 0.907801 0.063652 0.070922
0 0.018425 0.970745 0.033501 0.033688
0 0.205193 0.986702 0.051926 0.023050
0 0.428811 0.010638 0.033501 0.017730
0 0.867672 0.883865 0.016750 0.026596
